osu file format v13

[General]
AudioFilename: 05 Amber Starlight, Don't Fall 1.mp3
AudioLeadIn: 0
PreviewTime: -1
Countdown: 0
SampleSet: Normal
StackLeniency: 0.7
Mode: 3
LetterboxInBreaks: 1
SpecialStyle: 0
WidescreenStoryboard: 0

[Editor]
DistanceSpacing: 0.8
BeatDivisor: 4
GridSize: 8
TimelineZoom: 1

[Metadata]
Title:Amber Starlight, Don't Fall
TitleUnicode:Amber Starlight, Don't Fall
Artist:The Queenstons
ArtistUnicode:The Queenstons
Creator:^
Version:16
Source:
Tags:
BeatmapID:0
BeatmapSetID:-1

[Difficulty]
HPDrainRate:5
CircleSize:4
OverallDifficulty:5
ApproachRate:5
SliderMultiplier:1.4
SliderTickRate:1

[Events]
//Background and Video events
0,0,"amberbg4.png",0,0
//Break Periods
//Storyboard Layer 0 (Background)
//Storyboard Layer 1 (Fail)
//Storyboard Layer 2 (Pass)
//Storyboard Layer 3 (Foreground)
//Storyboard Sound Samples
//Background Colour Transformations
3,100,163,162,255

[TimingPoints]
65,324.286,4,1,0,0,1,0
2011,324.309,4,1,0,0,1,0
2335,324.286,4,1,0,0,1,0
3957,324.309,4,1,0,0,1,0
4281,324.286,4,1,0,0,1,0
6227,324.309,4,1,0,0,1,0
6551,324.286,4,1,0,0,1,0
8173,324.309,4,1,0,0,1,0
8497,324.286,4,1,0,0,1,0
10118,324.309,4,1,0,0,1,0
10443,324.286,4,1,0,0,1,0
12388,324.309,4,1,0,0,1,0
12713,324.286,4,1,0,0,1,0
14334,324.309,4,1,0,0,1,0
14658,324.286,4,1,0,0,1,0
16604,324.309,4,1,0,0,1,0
16928,324.286,4,1,0,0,1,0
18550,324.309,4,1,0,0,1,0
18874,324.286,4,1,0,0,1,0
20496,324.309,4,1,0,0,1,0
20820,324.286,4,1,0,0,1,0
22766,324.309,4,1,0,0,1,0
23090,324.286,4,1,0,0,1,0
24711,324.309,4,1,0,0,1,0
25036,324.286,4,1,0,0,1,0
26657,324.309,4,1,0,0,1,0
26981,324.286,4,1,0,0,1,0
28927,324.309,4,1,0,0,1,0
29251,324.286,4,1,0,0,1,0
30873,324.309,4,1,0,0,1,0
31197,324.286,4,1,0,0,1,0
33143,324.309,4,1,0,0,1,0
33467,324.286,4,1,0,0,1,0
35089,324.309,4,1,0,0,1,0
35413,324.286,4,1,0,0,1,0
37034,324.309,4,1,0,0,1,0
37359,324.286,4,1,0,0,1,0
39304,324.309,4,1,0,0,1,0
39629,324.286,4,1,0,0,1,0
41250,324.309,4,1,0,0,1,0
41574,324.286,4,1,0,0,1,0
43520,324.309,4,1,0,0,1,0
43844,324.286,4,1,0,0,1,0
45466,324.309,4,1,0,0,1,0
45790,324.286,4,1,0,0,1,0
47412,324.309,4,1,0,0,1,0
47736,324.286,4,1,0,0,1,0
49682,324.309,4,1,0,0,1,0
50006,324.286,4,1,0,0,1,0
51627,324.309,4,1,0,0,1,0
51952,324.286,4,1,0,0,1,0
53573,324.309,4,1,0,0,1,0
53897,324.286,4,1,0,0,1,0
55843,324.309,4,1,0,0,1,0
56167,324.286,4,1,0,0,1,0
57789,324.309,4,1,0,0,1,0
58113,324.286,4,1,0,0,1,0
60059,324.309,4,1,0,0,1,0
60383,324.286,4,1,0,0,1,0
62005,324.309,4,1,0,0,1,0
62329,324.286,4,1,0,0,1,0
63950,324.309,4,1,0,0,1,0
64275,324.286,4,1,0,0,1,0
66220,324.309,4,1,0,0,1,0
66545,324.286,4,1,0,0,1,0
68166,324.309,4,1,0,0,1,0
68490,324.286,4,1,0,0,1,0
70436,324.309,4,1,0,0,1,0
70760,324.286,4,1,0,0,1,0
72382,324.309,4,1,0,0,1,0
72706,324.286,4,1,0,0,1,0
74328,324.309,4,1,0,0,1,0
74652,324.286,4,1,0,0,1,0
76598,324.309,4,1,0,0,1,0
76922,324.286,4,1,0,0,1,0
78543,324.309,4,1,0,0,1,0
78868,324.286,4,1,0,0,1,0
80489,324.309,4,1,0,0,1,0
80813,324.286,4,1,0,0,1,0
82759,324.309,4,1,0,0,1,0
83083,324.286,4,1,0,0,1,0
84705,324.309,4,1,0,0,1,0
85029,324.286,4,1,0,0,1,0
86975,324.309,4,1,0,0,1,0
87299,324.286,4,1,0,0,1,0
88921,324.309,4,1,0,0,1,0
89245,324.286,4,1,0,0,1,0
90866,324.309,4,1,0,0,1,0
91191,324.286,4,1,0,0,1,0
93136,324.309,4,1,0,0,1,0
93461,324.286,4,1,0,0,1,0
95082,324.309,4,1,0,0,1,0
95406,324.286,4,1,0,0,1,0
97352,324.309,4,1,0,0,1,0
97676,324.286,4,1,0,0,1,0
99298,324.309,4,1,0,0,1,0
99622,324.286,4,1,0,0,1,0
101244,324.309,4,1,0,0,1,0
101568,324.286,4,1,0,0,1,0
103514,324.309,4,1,0,0,1,0
103838,324.286,4,1,0,0,1,0
105459,324.309,4,1,0,0,1,0
105784,324.286,4,1,0,0,1,0
107405,324.309,4,1,0,0,1,0
107729,324.286,4,1,0,0,1,0
109675,324.309,4,1,0,0,1,0
109999,324.286,4,1,0,0,1,0
111621,324.309,4,1,0,0,1,0
111945,324.286,4,1,0,0,1,0
113891,324.309,4,1,0,0,1,0
114215,324.286,4,1,0,0,1,0
115837,324.309,4,1,0,0,1,0
116161,324.286,4,1,0,0,1,0
117782,324.309,4,1,0,0,1,0
118107,324.286,4,1,0,0,1,0
120052,324.309,4,1,0,0,1,0
120377,324.286,4,1,0,0,1,0
121998,324.309,4,1,0,0,1,0
122322,324.286,4,1,0,0,1,0
124268,324.309,4,1,0,0,1,0
124592,324.286,4,1,0,0,1,0
126214,324.309,4,1,0,0,1,0
126538,324.286,4,1,0,0,1,0
128160,324.309,4,1,0,0,1,0
128484,324.286,4,1,0,0,1,0
130430,324.309,4,1,0,0,1,0
130754,324.286,4,1,0,0,1,0
132375,324.309,4,1,0,0,1,0
132700,324.286,4,1,0,0,1,0
134321,324.309,4,1,0,0,1,0
134645,324.286,4,1,0,0,1,0
136591,324.309,4,1,0,0,1,0
136915,324.286,4,1,0,0,1,0
138537,324.309,4,1,0,0,1,0
138861,324.286,4,1,0,0,1,0
140807,324.309,4,1,0,0,1,0
141131,324.286,4,1,0,0,1,0
142753,324.309,4,1,0,0,1,0
143077,324.286,4,1,0,0,1,0
144698,324.309,4,1,0,0,1,0
145023,324.286,4,1,0,0,1,0
146968,324.309,4,1,0,0,1,0
147293,324.286,4,1,0,0,1,0
148914,324.309,4,1,0,0,1,0
149238,324.286,4,1,0,0,1,0
151184,324.309,4,1,0,0,1,0
151509,324.286,4,1,0,0,1,0
153130,324.309,4,1,0,0,1,0
153454,324.286,4,1,0,0,1,0
155076,324.309,4,1,0,0,1,0
155400,324.286,4,1,0,0,1,0
157346,324.309,4,1,0,0,1,0
157670,324.286,4,1,0,0,1,0
159291,324.309,4,1,0,0,1,0
159616,324.286,4,1,0,0,1,0
161237,324.309,4,1,0,0,1,0
161561,324.286,4,1,0,0,1,0
163507,324.309,4,1,0,0,1,0
163832,324.286,4,1,0,0,1,0
165453,324.309,4,1,0,0,1,0
165777,324.286,4,1,0,0,1,0
167723,324.309,4,1,0,0,1,0
168047,324.286,4,1,0,0,1,0
169669,324.309,4,1,0,0,1,0
169993,324.286,4,1,0,0,1,0
171614,324.309,4,1,0,0,1,0
171939,324.286,4,1,0,0,1,0
173884,324.309,4,1,0,0,1,0
174209,324.286,4,1,0,0,1,0
175830,324.309,4,1,0,0,1,0
176155,324.286,4,1,0,0,1,0


[HitObjects]
64,192,65,5,0,0:0:0:0:
192,192,390,1,0,0:0:0:0:
448,192,511,1,0,0:0:0:0:
320,192,552,1,0,0:0:0:0:
64,192,714,1,0,0:0:0:0:
320,192,1160,1,0,0:0:0:0:
192,192,1200,1,0,0:0:0:0:
64,192,1808,1,0,0:0:0:0:
448,192,1849,1,0,0:0:0:0:
320,192,2457,1,0,0:0:0:0:
192,192,2498,1,0,0:0:0:0:
320,192,2660,1,0,0:0:0:0:
448,192,2660,1,0,0:0:0:0:
192,192,2984,1,0,0:0:0:0:
320,192,3146,1,0,0:0:0:0:
64,192,3308,1,0,0:0:0:0:
448,192,3957,1,0,0:0:0:0:
64,192,4281,1,0,0:0:0:0:
64,192,4443,1,0,0:0:0:0:
320,192,4605,1,0,0:0:0:0:
320,192,4930,1,0,0:0:0:0:
64,192,5254,1,0,0:0:0:0:
192,192,5578,1,0,0:0:0:0:
448,192,5740,1,0,0:0:0:0:
192,192,5903,1,0,0:0:0:0:
192,192,6227,1,0,0:0:0:0:
192,192,7200,1,0,0:0:0:0:
192,192,7362,1,0,0:0:0:0:
192,192,7524,1,0,0:0:0:0:
192,192,7848,1,0,0:0:0:0:
192,192,10443,1,0,0:0:0:0:
64,0,10443,128,0,12064:1:0:0:0:
192,0,10767,128,0,12064:1:0:0:0:
320,0,10767,128,0,12064:1:0:0:0:
448,192,13037,1,0,0:0:0:0:
192,192,13361,1,0,0:0:0:0:
320,192,13523,1,0,0:0:0:0:
192,192,13686,1,0,0:0:0:0:
448,192,13767,1,0,0:0:0:0:
320,192,13848,1,0,0:0:0:0:
64,192,14010,1,0,0:0:0:0:
320,192,14334,1,0,0:0:0:0:
448,192,14658,1,0,0:0:0:0:
192,192,14821,1,0,0:0:0:0:
320,192,14983,1,0,0:0:0:0:
320,192,15307,1,0,0:0:0:0:
64,192,15631,1,0,0:0:0:0:
448,192,15631,1,0,0:0:0:0:
192,192,15956,1,0,0:0:0:0:
320,192,16118,1,0,0:0:0:0:
64,192,16280,1,0,0:0:0:0:
448,192,16604,1,0,0:0:0:0:
192,192,16928,1,0,0:0:0:0:
320,192,16928,1,0,0:0:0:0:
64,192,17253,1,0,0:0:0:0:
192,192,17415,1,0,0:0:0:0:
320,192,17577,1,0,0:0:0:0:
192,192,17901,1,0,0:0:0:0:
320,192,18226,1,0,0:0:0:0:
448,192,18226,1,0,0:0:0:0:
320,192,18550,1,0,0:0:0:0:
192,192,18712,1,0,0:0:0:0:
64,192,18834,1,0,0:0:0:0:
320,192,18874,1,0,0:0:0:0:
64,192,19158,1,0,0:0:0:0:
192,192,19320,1,0,0:0:0:0:
320,192,19482,1,0,0:0:0:0:
448,192,19482,1,0,0:0:0:0:
192,192,19644,1,0,0:0:0:0:
320,192,19806,1,0,0:0:0:0:
64,192,20009,1,0,0:0:0:0:
320,192,20212,1,0,0:0:0:0:
192,192,20496,1,0,0:0:0:0:
448,192,20496,1,0,0:0:0:0:
64,192,20658,1,0,0:0:0:0:
320,192,20658,1,0,0:0:0:0:
64,192,20820,1,0,0:0:0:0:
192,192,20901,1,0,0:0:0:0:
320,192,20982,1,0,0:0:0:0:
448,192,21023,1,0,0:0:0:0:
192,192,21063,1,0,0:0:0:0:
64,192,21144,1,0,0:0:0:0:
192,192,21185,1,0,0:0:0:0:
448,192,21225,1,0,0:0:0:0:
320,192,21306,1,0,0:0:0:0:
448,192,21347,1,0,0:0:0:0:
192,192,21387,1,0,0:0:0:0:
64,192,21468,1,0,0:0:0:0:
192,192,21509,1,0,0:0:0:0:
448,192,21550,1,0,0:0:0:0:
64,192,21590,1,0,0:0:0:0:
320,192,21631,1,0,0:0:0:0:
192,192,21671,1,0,0:0:0:0:
448,192,21712,1,0,0:0:0:0:
64,192,21752,1,0,0:0:0:0:
320,192,21793,1,0,0:0:0:0:
192,192,21833,1,0,0:0:0:0:
448,192,21874,1,0,0:0:0:0:
320,192,21914,1,0,0:0:0:0:
64,192,21955,1,0,0:0:0:0:
448,192,21995,1,0,0:0:0:0:
192,192,22036,1,0,0:0:0:0:
64,192,22077,1,0,0:0:0:0:
320,192,22117,1,0,0:0:0:0:
192,192,22279,1,0,0:0:0:0:
320,192,22441,1,0,0:0:0:0:
448,192,22441,1,0,0:0:0:0:
64,192,22603,1,0,0:0:0:0:
192,192,22766,1,0,0:0:0:0:
64,192,22928,1,0,0:0:0:0:
448,192,22928,1,0,0:0:0:0:
320,192,23090,1,0,0:0:0:0:
192,192,23252,1,0,0:0:0:0:
64,192,23414,1,0,0:0:0:0:
192,192,23576,1,0,0:0:0:0:
192,192,23739,1,0,0:0:0:0:
448,192,23739,1,0,0:0:0:0:
320,192,24063,1,0,0:0:0:0:
448,192,24063,1,0,0:0:0:0:
64,192,24225,1,0,0:0:0:0:
192,192,24225,1,0,0:0:0:0:
448,192,24225,1,0,0:0:0:0:
192,192,24549,1,0,0:0:0:0:
320,192,24549,1,0,0:0:0:0:
192,192,24711,1,0,0:0:0:0:
320,192,24711,1,0,0:0:0:0:
448,192,24711,1,0,0:0:0:0:
64,192,24874,1,0,0:0:0:0:
448,192,24874,1,0,0:0:0:0:
64,192,25036,1,0,0:0:0:0:
320,192,25036,1,0,0:0:0:0:
448,192,25036,1,0,0:0:0:0:
192,192,25198,1,0,0:0:0:0:
192,192,25360,1,0,0:0:0:0:
320,192,25360,1,0,0:0:0:0:
320,192,25522,1,0,0:0:0:0:
448,192,25522,1,0,0:0:0:0:
64,192,25684,1,0,0:0:0:0:
192,192,25846,1,0,0:0:0:0:
448,192,26009,1,0,0:0:0:0:
320,192,26090,1,0,0:0:0:0:
192,192,26171,1,0,0:0:0:0:
64,192,26211,1,0,0:0:0:0:
320,192,26252,1,0,0:0:0:0:
448,192,26333,1,0,0:0:0:0:
320,192,26373,1,0,0:0:0:0:
64,192,26414,1,0,0:0:0:0:
192,192,26495,1,0,0:0:0:0:
64,192,26535,1,0,0:0:0:0:
320,192,26576,1,0,0:0:0:0:
192,192,26617,1,0,0:0:0:0:
448,192,26657,1,0,0:0:0:0:
64,192,26698,1,0,0:0:0:0:
320,192,26738,1,0,0:0:0:0:
192,192,26779,1,0,0:0:0:0:
448,192,26819,1,0,0:0:0:0:
64,192,26860,1,0,0:0:0:0:
320,192,26900,1,0,0:0:0:0:
192,192,26941,1,0,0:0:0:0:
448,192,26981,1,0,0:0:0:0:
64,192,27022,1,0,0:0:0:0:
320,192,27062,1,0,0:0:0:0:
448,192,27103,1,0,0:0:0:0:
192,192,27144,1,0,0:0:0:0:
320,192,27184,1,0,0:0:0:0:
64,192,27225,1,0,0:0:0:0:
192,192,27265,1,0,0:0:0:0:
448,192,27306,1,0,0:0:0:0:
192,192,27468,1,0,0:0:0:0:
320,192,27630,1,0,0:0:0:0:
448,192,27630,1,0,0:0:0:0:
64,192,27792,1,0,0:0:0:0:
192,192,27954,1,0,0:0:0:0:
64,192,28116,1,0,0:0:0:0:
192,192,28116,1,0,0:0:0:0:
320,192,28279,1,0,0:0:0:0:
192,192,28441,1,0,0:0:0:0:
448,192,28441,1,0,0:0:0:0:
320,192,28603,1,0,0:0:0:0:
192,192,28765,1,0,0:0:0:0:
448,192,28765,1,0,0:0:0:0:
320,192,28927,1,0,0:0:0:0:
448,192,28927,1,0,0:0:0:0:
192,192,29089,1,0,0:0:0:0:
64,192,29251,1,0,0:0:0:0:
320,192,29251,1,0,0:0:0:0:
192,192,29414,1,0,0:0:0:0:
320,192,29414,1,0,0:0:0:0:
448,192,29414,1,0,0:0:0:0:
64,192,29576,1,0,0:0:0:0:
320,192,29738,1,0,0:0:0:0:
448,192,29738,1,0,0:0:0:0:
64,192,29900,1,0,0:0:0:0:
192,192,29900,1,0,0:0:0:0:
448,192,29900,1,0,0:0:0:0:
192,192,30062,1,0,0:0:0:0:
320,192,30062,1,0,0:0:0:0:
64,192,30224,1,0,0:0:0:0:
320,192,30224,1,0,0:0:0:0:
448,192,30224,1,0,0:0:0:0:
192,192,30386,1,0,0:0:0:0:
320,192,30549,1,0,0:0:0:0:
448,192,30549,1,0,0:0:0:0:
64,192,30711,1,0,0:0:0:0:
320,192,30711,1,0,0:0:0:0:
192,192,30873,1,0,0:0:0:0:
320,192,31035,1,0,0:0:0:0:
448,192,31197,1,0,0:0:0:0:
64,192,31238,1,0,0:0:0:0:
320,192,31278,1,0,0:0:0:0:
192,192,31359,1,0,0:0:0:0:
448,192,31400,1,0,0:0:0:0:
64,192,31440,1,0,0:0:0:0:
320,192,31481,1,0,0:0:0:0:
192,192,31521,1,0,0:0:0:0:
64,192,31603,1,0,0:0:0:0:
448,192,31684,1,0,0:0:0:0:
192,192,31724,1,0,0:0:0:0:
320,192,31765,1,0,0:0:0:0:
64,192,31805,1,0,0:0:0:0:
448,192,31846,1,0,0:0:0:0:
192,192,31886,1,0,0:0:0:0:
320,192,31927,1,0,0:0:0:0:
64,192,32008,1,0,0:0:0:0:
448,192,32048,1,0,0:0:0:0:
192,192,32089,1,0,0:0:0:0:
320,192,32129,1,0,0:0:0:0:
64,192,32170,1,0,0:0:0:0:
448,192,32211,1,0,0:0:0:0:
192,192,32251,1,0,0:0:0:0:
448,192,32332,1,0,0:0:0:0:
64,192,32373,1,0,0:0:0:0:
320,192,32413,1,0,0:0:0:0:
192,192,32454,1,0,0:0:0:0:
448,192,32494,1,0,0:0:0:0:
64,192,32575,1,0,0:0:0:0:
320,192,32616,1,0,0:0:0:0:
192,192,32656,1,0,0:0:0:0:
448,192,32697,1,0,0:0:0:0:
64,192,32738,1,0,0:0:0:0:
320,192,32778,1,0,0:0:0:0:
192,192,32819,1,0,0:0:0:0:
448,192,32900,1,0,0:0:0:0:
64,192,32940,1,0,0:0:0:0:
320,192,32981,1,0,0:0:0:0:
192,192,33021,1,0,0:0:0:0:
448,192,33062,1,0,0:0:0:0:
64,192,33102,1,0,0:0:0:0:
320,192,33143,1,0,0:0:0:0:
192,192,33224,1,0,0:0:0:0:
448,192,33265,1,0,0:0:0:0:
64,192,33305,1,0,0:0:0:0:
320,192,33346,1,0,0:0:0:0:
192,192,33386,1,0,0:0:0:0:
448,192,33427,1,0,0:0:0:0:
64,192,33467,1,0,0:0:0:0:
448,192,33548,1,0,0:0:0:0:
192,192,33589,1,0,0:0:0:0:
320,192,33629,1,0,0:0:0:0:
64,192,33670,1,0,0:0:0:0:
448,192,33710,1,0,0:0:0:0:
192,192,33751,1,0,0:0:0:0:
320,192,33791,1,0,0:0:0:0:
64,192,33873,1,0,0:0:0:0:
448,192,33873,1,0,0:0:0:0:
192,192,33954,1,0,0:0:0:0:
64,192,33994,1,0,0:0:0:0:
320,192,34035,1,0,0:0:0:0:
192,192,34075,1,0,0:0:0:0:
448,192,34116,1,0,0:0:0:0:
64,192,34156,1,0,0:0:0:0:
320,192,34197,1,0,0:0:0:0:
448,192,34237,1,0,0:0:0:0:
192,192,34278,1,0,0:0:0:0:
320,192,34318,1,0,0:0:0:0:
64,192,34359,1,0,0:0:0:0:
192,192,34400,1,0,0:0:0:0:
448,192,34440,1,0,0:0:0:0:
64,192,34481,1,0,0:0:0:0:
320,192,34521,1,0,0:0:0:0:
448,192,34562,1,0,0:0:0:0:
192,192,34602,1,0,0:0:0:0:
320,192,34643,1,0,0:0:0:0:
64,192,34683,1,0,0:0:0:0:
448,192,34724,1,0,0:0:0:0:
192,192,34764,1,0,0:0:0:0:
64,192,34805,1,0,0:0:0:0:
320,192,34845,1,0,0:0:0:0:
192,192,34886,1,0,0:0:0:0:
448,192,34926,1,0,0:0:0:0:
320,192,34967,1,0,0:0:0:0:
64,192,35008,1,0,0:0:0:0:
448,192,35048,1,0,0:0:0:0:
192,192,35089,1,0,0:0:0:0:
320,192,35129,1,0,0:0:0:0:
64,192,35170,1,0,0:0:0:0:
192,192,35210,1,0,0:0:0:0:
448,192,35251,1,0,0:0:0:0:
64,192,35291,1,0,0:0:0:0:
320,192,35332,1,0,0:0:0:0:
192,192,35372,1,0,0:0:0:0:
448,192,35413,1,0,0:0:0:0:
320,192,35453,1,0,0:0:0:0:
64,192,35494,1,0,0:0:0:0:
448,192,35535,1,0,0:0:0:0:
192,192,35575,1,0,0:0:0:0:
320,192,35616,1,0,0:0:0:0:
64,192,35656,1,0,0:0:0:0:
192,192,35697,1,0,0:0:0:0:
448,192,35737,1,0,0:0:0:0:
64,192,35778,1,0,0:0:0:0:
320,192,35818,1,0,0:0:0:0:
448,192,35859,1,0,0:0:0:0:
192,192,35899,1,0,0:0:0:0:
320,192,35940,1,0,0:0:0:0:
64,192,35980,1,0,0:0:0:0:
192,192,36021,1,0,0:0:0:0:
448,192,36062,1,0,0:0:0:0:
64,192,36102,1,0,0:0:0:0:
320,192,36143,1,0,0:0:0:0:
448,192,36183,1,0,0:0:0:0:
192,192,36224,1,0,0:0:0:0:
320,192,36264,1,0,0:0:0:0:
64,192,36305,1,0,0:0:0:0:
192,192,36345,1,0,0:0:0:0:
448,192,36386,1,0,0:0:0:0:
64,192,36426,1,0,0:0:0:0:
192,192,36467,1,0,0:0:0:0:
320,192,36507,1,0,0:0:0:0:
448,192,36548,1,0,0:0:0:0:
64,192,36588,1,0,0:0:0:0:
192,192,36629,1,0,0:0:0:0:
320,192,36670,1,0,0:0:0:0:
448,192,36710,1,0,0:0:0:0:
64,192,36751,1,0,0:0:0:0:
192,192,36791,1,0,0:0:0:0:
320,192,36832,1,0,0:0:0:0:
448,192,36872,1,0,0:0:0:0:
64,192,36913,1,0,0:0:0:0:
192,192,36953,1,0,0:0:0:0:
320,192,36994,1,0,0:0:0:0:
448,192,37034,1,0,0:0:0:0:
64,192,37075,1,0,0:0:0:0:
192,192,37115,1,0,0:0:0:0:
320,192,37156,1,0,0:0:0:0:
448,192,37197,1,0,0:0:0:0:
64,192,37237,1,0,0:0:0:0:
192,192,37278,1,0,0:0:0:0:
320,192,37318,1,0,0:0:0:0:
448,192,37359,1,0,0:0:0:0:
64,192,37399,1,0,0:0:0:0:
192,192,37440,1,0,0:0:0:0:
320,192,37480,1,0,0:0:0:0:
448,192,37521,1,0,0:0:0:0:
64,192,37561,1,0,0:0:0:0:
192,192,37602,1,0,0:0:0:0:
320,192,37642,1,0,0:0:0:0:
448,192,37683,1,0,0:0:0:0:
192,192,37845,1,0,0:0:0:0:
320,192,38007,1,0,0:0:0:0:
448,192,38007,1,0,0:0:0:0:
64,192,38169,1,0,0:0:0:0:
64,192,38332,1,0,0:0:0:0:
448,192,38332,1,0,0:0:0:0:
320,192,38494,1,0,0:0:0:0:
448,192,38494,1,0,0:0:0:0:
192,192,38656,1,0,0:0:0:0:
64,192,38818,1,0,0:0:0:0:
320,192,38818,1,0,0:0:0:0:
448,192,38980,1,0,0:0:0:0:
192,192,39142,1,0,0:0:0:0:
320,192,39142,1,0,0:0:0:0:
320,192,39304,1,0,0:0:0:0:
448,192,39304,1,0,0:0:0:0:
64,192,39467,1,0,0:0:0:0:
192,192,39629,1,0,0:0:0:0:
320,192,39629,1,0,0:0:0:0:
192,192,39791,1,0,0:0:0:0:
448,192,39791,1,0,0:0:0:0:
320,192,39953,1,0,0:0:0:0:
64,192,40115,1,0,0:0:0:0:
192,192,40115,1,0,0:0:0:0:
192,192,40277,1,0,0:0:0:0:
320,192,40277,1,0,0:0:0:0:
448,192,40277,1,0,0:0:0:0:
64,192,40439,1,0,0:0:0:0:
192,192,40439,1,0,0:0:0:0:
320,192,40439,1,0,0:0:0:0:
64,192,40602,1,0,0:0:0:0:
192,192,40602,1,0,0:0:0:0:
448,192,40602,1,0,0:0:0:0:
192,192,40764,1,0,0:0:0:0:
320,192,40764,1,0,0:0:0:0:
448,192,40764,1,0,0:0:0:0:
64,192,40926,1,0,0:0:0:0:
192,192,40926,1,0,0:0:0:0:
320,192,40926,1,0,0:0:0:0:
64,192,41088,1,0,0:0:0:0:
192,192,41088,1,0,0:0:0:0:
448,192,41088,1,0,0:0:0:0:
192,192,41250,1,0,0:0:0:0:
320,192,41250,1,0,0:0:0:0:
448,192,41250,1,0,0:0:0:0:
64,192,41412,1,0,0:0:0:0:
192,192,41412,1,0,0:0:0:0:
320,192,41412,1,0,0:0:0:0:
448,192,41574,1,0,0:0:0:0:
320,192,41615,1,0,0:0:0:0:
192,192,41656,1,0,0:0:0:0:
64,192,41696,1,0,0:0:0:0:
448,192,41737,1,0,0:0:0:0:
320,192,41818,1,0,0:0:0:0:
64,192,41899,1,0,0:0:0:0:
192,192,41939,1,0,0:0:0:0:
320,192,41980,1,0,0:0:0:0:
448,192,42020,1,0,0:0:0:0:
64,192,42061,1,0,0:0:0:0:
192,192,42142,1,0,0:0:0:0:
448,192,42223,1,0,0:0:0:0:
320,192,42264,1,0,0:0:0:0:
192,192,42304,1,0,0:0:0:0:
64,192,42345,1,0,0:0:0:0:
448,192,42385,1,0,0:0:0:0:
320,192,42466,1,0,0:0:0:0:
64,192,42547,1,0,0:0:0:0:
192,192,42588,1,0,0:0:0:0:
320,192,42628,1,0,0:0:0:0:
448,192,42669,1,0,0:0:0:0:
64,192,42709,1,0,0:0:0:0:
192,192,42791,1,0,0:0:0:0:
448,192,42872,1,0,0:0:0:0:
320,192,42912,1,0,0:0:0:0:
192,192,42953,1,0,0:0:0:0:
64,192,42993,1,0,0:0:0:0:
448,192,43034,1,0,0:0:0:0:
320,192,43115,1,0,0:0:0:0:
64,192,43196,1,0,0:0:0:0:
192,192,43236,1,0,0:0:0:0:
320,192,43277,1,0,0:0:0:0:
448,192,43317,1,0,0:0:0:0:
64,192,43358,1,0,0:0:0:0:
192,192,43439,1,0,0:0:0:0:
320,192,43520,1,0,0:0:0:0:
448,192,43520,1,0,0:0:0:0:
64,192,43682,1,0,0:0:0:0:
448,192,43682,1,0,0:0:0:0:
320,192,43844,1,0,0:0:0:0:
64,192,44007,1,0,0:0:0:0:
192,192,44007,1,0,0:0:0:0:
448,192,44169,1,0,0:0:0:0:
320,192,44209,1,0,0:0:0:0:
192,192,44250,1,0,0:0:0:0:
64,192,44290,1,0,0:0:0:0:
448,192,44331,1,0,0:0:0:0:
192,192,44412,1,0,0:0:0:0:
320,192,44452,1,0,0:0:0:0:
448,192,44493,1,0,0:0:0:0:
64,192,44534,1,0,0:0:0:0:
192,192,44574,1,0,0:0:0:0:
320,192,44615,1,0,0:0:0:0:
448,192,44655,1,0,0:0:0:0:
64,192,44736,1,0,0:0:0:0:
448,192,44817,1,0,0:0:0:0:
64,192,44858,1,0,0:0:0:0:
192,192,44898,1,0,0:0:0:0:
320,192,44939,1,0,0:0:0:0:
448,192,44979,1,0,0:0:0:0:
64,192,45020,1,0,0:0:0:0:
192,192,45061,1,0,0:0:0:0:
320,192,45101,1,0,0:0:0:0:
448,192,45142,1,0,0:0:0:0:
64,192,45223,1,0,0:0:0:0:
192,192,45263,1,0,0:0:0:0:
320,192,45304,1,0,0:0:0:0:
448,192,45344,1,0,0:0:0:0:
64,192,45385,1,0,0:0:0:0:
192,192,45466,1,0,0:0:0:0:
448,192,45506,1,0,0:0:0:0:
320,192,45547,1,0,0:0:0:0:
192,192,45587,1,0,0:0:0:0:
64,192,45628,1,0,0:0:0:0:
448,192,45709,1,0,0:0:0:0:
320,192,45750,1,0,0:0:0:0:
192,192,45790,1,0,0:0:0:0:
64,192,45831,1,0,0:0:0:0:
320,192,45871,1,0,0:0:0:0:
448,192,45952,1,0,0:0:0:0:
320,192,45993,1,0,0:0:0:0:
192,192,46033,1,0,0:0:0:0:
64,192,46074,1,0,0:0:0:0:
448,192,46114,1,0,0:0:0:0:
320,192,46155,1,0,0:0:0:0:
192,192,46196,1,0,0:0:0:0:
64,192,46236,1,0,0:0:0:0:
448,192,46277,1,0,0:0:0:0:
320,192,46317,1,0,0:0:0:0:
192,192,46358,1,0,0:0:0:0:
64,192,46398,1,0,0:0:0:0:
448,192,46439,1,0,0:0:0:0:
320,192,46479,1,0,0:0:0:0:
192,192,46520,1,0,0:0:0:0:
64,192,46560,1,0,0:0:0:0:
448,192,46601,1,0,0:0:0:0:
320,192,46641,1,0,0:0:0:0:
192,192,46682,1,0,0:0:0:0:
64,192,46723,1,0,0:0:0:0:
448,192,46763,1,0,0:0:0:0:
320,192,46804,1,0,0:0:0:0:
192,192,46844,1,0,0:0:0:0:
64,192,46885,1,0,0:0:0:0:
192,192,46925,1,0,0:0:0:0:
320,192,46966,1,0,0:0:0:0:
448,192,47006,1,0,0:0:0:0:
320,192,47047,1,0,0:0:0:0:
192,192,47087,1,0,0:0:0:0:
64,192,47128,1,0,0:0:0:0:
192,192,47168,1,0,0:0:0:0:
320,192,47209,1,0,0:0:0:0:
448,192,47249,1,0,0:0:0:0:
320,192,47290,1,0,0:0:0:0:
192,192,47331,1,0,0:0:0:0:
64,192,47371,1,0,0:0:0:0:
192,192,47412,1,0,0:0:0:0:
320,192,47452,1,0,0:0:0:0:
448,192,47493,1,0,0:0:0:0:
320,192,47533,1,0,0:0:0:0:
192,192,47574,1,0,0:0:0:0:
64,192,47614,1,0,0:0:0:0:
192,192,47655,1,0,0:0:0:0:
320,192,47695,1,0,0:0:0:0:
448,192,47736,1,0,0:0:0:0:
64,192,47776,1,0,0:0:0:0:
192,192,47817,1,0,0:0:0:0:
320,192,47858,1,0,0:0:0:0:
448,192,47898,1,0,0:0:0:0:
64,192,47939,1,0,0:0:0:0:
192,192,47979,1,0,0:0:0:0:
320,192,48020,1,0,0:0:0:0:
448,192,48060,1,0,0:0:0:0:
64,192,48101,1,0,0:0:0:0:
192,192,48141,1,0,0:0:0:0:
320,192,48182,1,0,0:0:0:0:
448,192,48222,1,0,0:0:0:0:
64,192,48263,1,0,0:0:0:0:
192,192,48303,1,0,0:0:0:0:
320,192,48344,1,0,0:0:0:0:
64,192,48384,1,0,0:0:0:0:
448,192,48384,1,0,0:0:0:0:
192,192,48547,1,0,0:0:0:0:
448,192,48709,1,0,0:0:0:0:
192,192,48871,1,0,0:0:0:0:
320,192,48871,1,0,0:0:0:0:
64,192,49033,1,0,0:0:0:0:
320,192,49195,1,0,0:0:0:0:
448,192,49195,1,0,0:0:0:0:
192,192,49357,1,0,0:0:0:0:
320,192,49520,1,0,0:0:0:0:
448,192,49520,1,0,0:0:0:0:
64,192,49682,1,0,0:0:0:0:
448,192,49682,1,0,0:0:0:0:
192,192,49844,1,0,0:0:0:0:
192,192,50006,1,0,0:0:0:0:
320,192,50006,1,0,0:0:0:0:
320,192,50168,1,0,0:0:0:0:
448,192,50168,1,0,0:0:0:0:
64,192,50330,1,0,0:0:0:0:
192,192,50492,1,0,0:0:0:0:
320,192,50492,1,0,0:0:0:0:
448,192,50655,1,0,0:0:0:0:
192,192,50817,1,0,0:0:0:0:
320,192,50817,1,0,0:0:0:0:
64,192,50979,1,0,0:0:0:0:
448,192,50979,1,0,0:0:0:0:
192,192,51141,1,0,0:0:0:0:
320,192,51303,1,0,0:0:0:0:
448,192,51303,1,0,0:0:0:0:
64,192,51465,1,0,0:0:0:0:
192,192,51465,1,0,0:0:0:0:
320,192,51465,1,0,0:0:0:0:
64,192,51627,1,0,0:0:0:0:
192,192,51627,1,0,0:0:0:0:
320,192,51627,1,0,0:0:0:0:
448,192,51627,1,0,0:0:0:0:
64,192,51952,1,0,0:0:0:0:
320,192,51992,1,0,0:0:0:0:
448,192,52033,1,0,0:0:0:0:
64,192,52073,1,0,0:0:0:0:
192,192,52114,1,0,0:0:0:0:
448,192,52154,1,0,0:0:0:0:
64,192,52276,1,0,0:0:0:0:
192,192,52317,1,0,0:0:0:0:
320,192,52357,1,0,0:0:0:0:
448,192,52398,1,0,0:0:0:0:
64,192,52438,1,0,0:0:0:0:
192,192,52479,1,0,0:0:0:0:
320,192,52600,1,0,0:0:0:0:
448,192,52641,1,0,0:0:0:0:
192,192,52681,1,0,0:0:0:0:
320,192,52722,1,0,0:0:0:0:
64,192,52762,1,0,0:0:0:0:
192,192,52803,1,0,0:0:0:0:
448,192,52925,1,0,0:0:0:0:
320,192,52965,1,0,0:0:0:0:
192,192,53006,1,0,0:0:0:0:
64,192,53046,1,0,0:0:0:0:
448,192,53087,1,0,0:0:0:0:
320,192,53127,1,0,0:0:0:0:
192,192,53168,1,0,0:0:0:0:
64,192,53208,1,0,0:0:0:0:
448,192,53249,1,0,0:0:0:0:
320,192,53289,1,0,0:0:0:0:
192,192,53330,1,0,0:0:0:0:
64,192,53411,1,0,0:0:0:0:
64,192,53573,1,0,0:0:0:0:
320,192,53573,1,0,0:0:0:0:
448,192,53573,1,0,0:0:0:0:
192,192,53897,1,0,0:0:0:0:
320,192,53897,1,0,0:0:0:0:
64,192,54060,1,0,0:0:0:0:
320,192,54060,1,0,0:0:0:0:
192,192,54222,1,0,0:0:0:0:
320,192,54222,1,0,0:0:0:0:
448,192,54222,1,0,0:0:0:0:
448,192,54384,1,0,0:0:0:0:
64,192,54546,1,0,0:0:0:0:
192,192,54546,1,0,0:0:0:0:
320,192,54708,1,0,0:0:0:0:
192,192,54870,1,0,0:0:0:0:
320,192,54870,1,0,0:0:0:0:
448,192,54870,1,0,0:0:0:0:
64,192,55032,1,0,0:0:0:0:
192,192,55032,1,0,0:0:0:0:
64,192,55195,1,0,0:0:0:0:
320,192,55195,1,0,0:0:0:0:
448,192,55195,1,0,0:0:0:0:
320,192,55357,1,0,0:0:0:0:
64,192,55519,1,0,0:0:0:0:
192,192,55519,1,0,0:0:0:0:
320,192,55519,1,0,0:0:0:0:
448,192,55681,1,0,0:0:0:0:
64,192,55843,1,0,0:0:0:0:
192,192,55843,1,0,0:0:0:0:
320,192,55843,1,0,0:0:0:0:
192,192,56005,1,0,0:0:0:0:
320,192,56005,1,0,0:0:0:0:
64,192,56167,1,0,0:0:0:0:
192,192,56167,1,0,0:0:0:0:
320,192,56167,1,0,0:0:0:0:
448,192,56167,1,0,0:0:0:0:
320,192,56330,1,0,0:0:0:0:
192,192,56492,1,0,0:0:0:0:
320,192,56492,1,0,0:0:0:0:
448,192,56492,1,0,0:0:0:0:
192,192,56654,1,0,0:0:0:0:
320,192,56654,1,0,0:0:0:0:
448,192,56654,1,0,0:0:0:0:
64,192,56816,1,0,0:0:0:0:
192,192,56816,1,0,0:0:0:0:
320,192,56816,1,0,0:0:0:0:
448,192,56816,1,0,0:0:0:0:
448,192,57140,1,0,0:0:0:0:
64,192,57181,1,0,0:0:0:0:
192,192,57221,1,0,0:0:0:0:
320,192,57262,1,0,0:0:0:0:
448,192,57302,1,0,0:0:0:0:
64,192,57465,1,0,0:0:0:0:
192,192,57505,1,0,0:0:0:0:
448,192,57546,1,0,0:0:0:0:
320,192,57586,1,0,0:0:0:0:
192,192,57627,1,0,0:0:0:0:
64,192,57708,1,0,0:0:0:0:
448,192,57789,1,0,0:0:0:0:
320,192,57829,1,0,0:0:0:0:
64,192,57870,1,0,0:0:0:0:
192,192,57910,1,0,0:0:0:0:
320,192,57951,1,0,0:0:0:0:
448,192,58113,1,0,0:0:0:0:
64,192,58154,1,0,0:0:0:0:
192,192,58194,1,0,0:0:0:0:
320,192,58235,1,0,0:0:0:0:
448,192,58275,1,0,0:0:0:0:
64,192,58356,1,0,0:0:0:0:
192,192,58437,1,0,0:0:0:0:
448,192,58478,1,0,0:0:0:0:
320,192,58519,1,0,0:0:0:0:
192,192,58559,1,0,0:0:0:0:
64,192,58600,1,0,0:0:0:0:
192,192,58762,1,0,0:0:0:0:
320,192,58762,1,0,0:0:0:0:
448,192,58762,1,0,0:0:0:0:
192,192,58924,1,0,0:0:0:0:
64,192,59086,1,0,0:0:0:0:
448,192,59086,1,0,0:0:0:0:
64,192,59248,1,0,0:0:0:0:
192,192,59248,1,0,0:0:0:0:
64,192,59410,1,0,0:0:0:0:
320,192,59410,1,0,0:0:0:0:
448,192,59410,1,0,0:0:0:0:
448,192,59572,1,0,0:0:0:0:
192,192,59735,1,0,0:0:0:0:
320,192,59735,1,0,0:0:0:0:
64,192,59897,1,0,0:0:0:0:
192,192,60059,1,0,0:0:0:0:
320,192,60059,1,0,0:0:0:0:
448,192,60059,1,0,0:0:0:0:
64,192,60221,1,0,0:0:0:0:
320,192,60221,1,0,0:0:0:0:
64,192,60383,1,0,0:0:0:0:
192,192,60410,1,0,0:0:0:0:
320,192,60464,1,0,0:0:0:0:
448,192,60491,1,0,0:0:0:0:
64,192,60545,1,0,0:0:0:0:
192,192,60707,1,0,0:0:0:0:
320,192,60707,1,0,0:0:0:0:
448,192,60707,1,0,0:0:0:0:
192,192,60870,1,0,0:0:0:0:
64,192,61032,1,0,0:0:0:0:
320,192,61032,1,0,0:0:0:0:
448,192,61032,1,0,0:0:0:0:
64,192,61194,1,0,0:0:0:0:
64,192,61356,1,0,0:0:0:0:
192,192,61356,1,0,0:0:0:0:
320,192,61356,1,0,0:0:0:0:
448,192,61356,1,0,0:0:0:0:
320,192,61518,1,0,0:0:0:0:
64,192,61680,1,0,0:0:0:0:
192,192,61680,1,0,0:0:0:0:
320,192,61680,1,0,0:0:0:0:
192,192,61842,1,0,0:0:0:0:
320,192,61842,1,0,0:0:0:0:
448,192,61842,1,0,0:0:0:0:
64,192,62005,1,0,0:0:0:0:
192,192,62005,1,0,0:0:0:0:
320,192,62005,1,0,0:0:0:0:
448,192,62005,1,0,0:0:0:0:
448,192,62329,1,0,0:0:0:0:
64,192,62369,1,0,0:0:0:0:
192,192,62410,1,0,0:0:0:0:
320,192,62451,1,0,0:0:0:0:
448,192,62491,1,0,0:0:0:0:
64,192,62532,1,0,0:0:0:0:
192,192,62572,1,0,0:0:0:0:
320,192,62613,1,0,0:0:0:0:
448,192,62653,1,0,0:0:0:0:
320,192,62694,1,0,0:0:0:0:
192,192,62734,1,0,0:0:0:0:
64,192,62775,1,0,0:0:0:0:
448,192,62815,1,0,0:0:0:0:
320,192,62856,1,0,0:0:0:0:
192,192,62896,1,0,0:0:0:0:
64,192,62937,1,0,0:0:0:0:
448,192,62978,1,0,0:0:0:0:
320,192,63018,1,0,0:0:0:0:
192,192,63059,1,0,0:0:0:0:
64,192,63099,1,0,0:0:0:0:
192,192,63140,1,0,0:0:0:0:
320,192,63180,1,0,0:0:0:0:
448,192,63221,1,0,0:0:0:0:
64,192,63261,1,0,0:0:0:0:
192,192,63302,1,0,0:0:0:0:
320,192,63342,1,0,0:0:0:0:
448,192,63383,1,0,0:0:0:0:
64,192,63423,1,0,0:0:0:0:
192,192,63464,1,0,0:0:0:0:
320,192,63504,1,0,0:0:0:0:
448,192,63545,1,0,0:0:0:0:
320,192,63586,1,0,0:0:0:0:
192,192,63626,1,0,0:0:0:0:
64,192,63667,1,0,0:0:0:0:
448,192,63707,1,0,0:0:0:0:
320,192,63748,1,0,0:0:0:0:
192,192,63788,1,0,0:0:0:0:
64,192,63829,1,0,0:0:0:0:
448,192,63869,1,0,0:0:0:0:
320,192,63910,1,0,0:0:0:0:
192,192,63950,1,0,0:0:0:0:
64,192,63991,1,0,0:0:0:0:
192,192,64031,1,0,0:0:0:0:
320,192,64072,1,0,0:0:0:0:
448,192,64113,1,0,0:0:0:0:
64,192,64153,1,0,0:0:0:0:
192,192,64194,1,0,0:0:0:0:
320,192,64234,1,0,0:0:0:0:
448,192,64275,1,0,0:0:0:0:
64,192,64315,1,0,0:0:0:0:
192,192,64356,1,0,0:0:0:0:
320,192,64396,1,0,0:0:0:0:
448,192,64437,1,0,0:0:0:0:
64,192,64477,1,0,0:0:0:0:
192,192,64518,1,0,0:0:0:0:
320,192,64558,1,0,0:0:0:0:
448,192,64599,1,0,0:0:0:0:
192,192,64761,1,0,0:0:0:0:
448,192,64923,1,0,0:0:0:0:
64,192,64964,1,0,0:0:0:0:
192,192,65004,1,0,0:0:0:0:
320,192,65045,1,0,0:0:0:0:
448,192,65085,1,0,0:0:0:0:
320,192,65126,1,0,0:0:0:0:
192,192,65166,1,0,0:0:0:0:
64,192,65207,1,0,0:0:0:0:
448,192,65248,1,0,0:0:0:0:
320,192,65288,1,0,0:0:0:0:
192,192,65329,1,0,0:0:0:0:
64,192,65369,1,0,0:0:0:0:
448,192,65410,1,0,0:0:0:0:
320,192,65450,1,0,0:0:0:0:
192,192,65491,1,0,0:0:0:0:
64,192,65531,1,0,0:0:0:0:
448,192,65572,1,0,0:0:0:0:
320,192,65612,1,0,0:0:0:0:
192,192,65653,1,0,0:0:0:0:
64,192,65693,1,0,0:0:0:0:
192,192,65734,1,0,0:0:0:0:
320,192,65775,1,0,0:0:0:0:
448,192,65815,1,0,0:0:0:0:
64,192,65856,1,0,0:0:0:0:
192,192,65896,1,0,0:0:0:0:
320,192,65937,1,0,0:0:0:0:
448,192,65977,1,0,0:0:0:0:
64,192,66018,1,0,0:0:0:0:
192,192,66058,1,0,0:0:0:0:
320,192,66099,1,0,0:0:0:0:
448,192,66139,1,0,0:0:0:0:
64,192,66180,1,0,0:0:0:0:
192,192,66220,1,0,0:0:0:0:
320,192,66261,1,0,0:0:0:0:
448,192,66301,1,0,0:0:0:0:
64,192,66342,1,0,0:0:0:0:
320,192,66383,1,0,0:0:0:0:
192,192,66423,1,0,0:0:0:0:
448,192,66464,1,0,0:0:0:0:
64,192,66504,1,0,0:0:0:0:
320,192,66545,1,0,0:0:0:0:
192,192,66585,1,0,0:0:0:0:
448,192,66626,1,0,0:0:0:0:
64,192,66666,1,0,0:0:0:0:
320,192,66707,1,0,0:0:0:0:
192,192,66747,1,0,0:0:0:0:
448,192,66788,1,0,0:0:0:0:
64,192,66828,1,0,0:0:0:0:
320,192,66869,1,0,0:0:0:0:
192,192,66910,1,0,0:0:0:0:
448,192,66950,1,0,0:0:0:0:
64,192,66991,1,0,0:0:0:0:
320,192,67031,1,0,0:0:0:0:
192,192,67072,1,0,0:0:0:0:
448,192,67112,1,0,0:0:0:0:
64,192,67153,1,0,0:0:0:0:
320,192,67193,1,0,0:0:0:0:
192,192,67234,1,0,0:0:0:0:
448,192,67274,1,0,0:0:0:0:
320,192,67315,1,0,0:0:0:0:
192,192,67355,1,0,0:0:0:0:
64,192,67396,1,0,0:0:0:0:
448,192,67436,1,0,0:0:0:0:
320,192,67477,1,0,0:0:0:0:
192,192,67518,1,0,0:0:0:0:
64,192,67558,1,0,0:0:0:0:
192,192,67599,1,0,0:0:0:0:
320,192,67639,1,0,0:0:0:0:
448,192,67680,1,0,0:0:0:0:
320,192,67720,1,0,0:0:0:0:
192,192,67761,1,0,0:0:0:0:
64,192,67801,1,0,0:0:0:0:
192,192,67842,1,0,0:0:0:0:
320,192,67882,1,0,0:0:0:0:
448,192,67923,1,0,0:0:0:0:
320,192,67963,1,0,0:0:0:0:
192,192,68004,1,0,0:0:0:0:
64,192,68045,1,0,0:0:0:0:
192,192,68085,1,0,0:0:0:0:
320,192,68126,1,0,0:0:0:0:
448,192,68166,1,0,0:0:0:0:
64,192,68207,1,0,0:0:0:0:
192,192,68247,1,0,0:0:0:0:
320,192,68288,1,0,0:0:0:0:
448,192,68328,1,0,0:0:0:0:
64,192,68369,1,0,0:0:0:0:
192,192,68409,1,0,0:0:0:0:
320,192,68450,1,0,0:0:0:0:
448,192,68490,1,0,0:0:0:0:
64,192,68531,1,0,0:0:0:0:
192,192,68572,1,0,0:0:0:0:
320,192,68612,1,0,0:0:0:0:
448,192,68653,1,0,0:0:0:0:
320,192,68693,1,0,0:0:0:0:
192,192,68734,1,0,0:0:0:0:
64,192,68774,1,0,0:0:0:0:
448,192,68815,1,0,0:0:0:0:
320,192,68855,1,0,0:0:0:0:
192,192,68896,1,0,0:0:0:0:
64,192,68936,1,0,0:0:0:0:
192,192,68977,1,0,0:0:0:0:
320,192,69017,1,0,0:0:0:0:
448,192,69058,1,0,0:0:0:0:
64,192,69098,1,0,0:0:0:0:
192,192,69139,1,0,0:0:0:0:
320,192,69139,1,0,0:0:0:0:
320,192,69463,1,0,0:0:0:0:
448,192,69463,1,0,0:0:0:0:
192,192,69625,1,0,0:0:0:0:
64,192,69788,1,0,0:0:0:0:
320,192,69788,1,0,0:0:0:0:
448,192,69788,1,0,0:0:0:0:
192,192,70112,1,0,0:0:0:0:
320,192,70112,1,0,0:0:0:0:
192,192,70274,1,0,0:0:0:0:
192,192,70436,1,0,0:0:0:0:
320,192,70436,1,0,0:0:0:0:
448,192,70436,1,0,0:0:0:0:
64,192,70598,1,0,0:0:0:0:
448,192,70598,1,0,0:0:0:0:
64,192,70760,1,0,0:0:0:0:
320,192,70760,1,0,0:0:0:0:
192,192,70923,1,0,0:0:0:0:
64,192,71085,1,0,0:0:0:0:
320,192,71085,1,0,0:0:0:0:
448,192,71085,1,0,0:0:0:0:
64,192,71409,1,0,0:0:0:0:
192,192,71409,1,0,0:0:0:0:
448,192,71409,1,0,0:0:0:0:
192,192,71571,1,0,0:0:0:0:
320,192,71571,1,0,0:0:0:0:
448,192,71571,1,0,0:0:0:0:
64,192,71733,1,0,0:0:0:0:
192,192,71733,1,0,0:0:0:0:
320,192,71733,1,0,0:0:0:0:
448,192,71733,1,0,0:0:0:0:
64,192,71895,1,0,0:0:0:0:
192,192,71895,1,0,0:0:0:0:
320,192,71895,1,0,0:0:0:0:
64,192,72058,1,0,0:0:0:0:
192,192,72058,1,0,0:0:0:0:
448,192,72058,1,0,0:0:0:0:
192,192,72220,1,0,0:0:0:0:
320,192,72220,1,0,0:0:0:0:
448,192,72220,1,0,0:0:0:0:
64,192,72382,1,0,0:0:0:0:
192,192,72382,1,0,0:0:0:0:
320,192,72382,1,0,0:0:0:0:
448,192,72382,1,0,0:0:0:0:
64,192,72544,1,0,0:0:0:0:
192,192,72544,1,0,0:0:0:0:
448,192,72544,1,0,0:0:0:0:
448,192,72706,1,0,0:0:0:0:
320,192,72747,1,0,0:0:0:0:
192,192,72787,1,0,0:0:0:0:
64,192,72828,1,0,0:0:0:0:
192,192,72868,1,0,0:0:0:0:
320,192,72909,1,0,0:0:0:0:
448,192,72949,1,0,0:0:0:0:
320,192,72990,1,0,0:0:0:0:
192,192,73030,1,0,0:0:0:0:
64,192,73071,1,0,0:0:0:0:
448,192,73112,1,0,0:0:0:0:
320,192,73152,1,0,0:0:0:0:
192,192,73193,1,0,0:0:0:0:
64,192,73233,1,0,0:0:0:0:
192,192,73274,1,0,0:0:0:0:
320,192,73314,1,0,0:0:0:0:
448,192,73355,1,0,0:0:0:0:
320,192,73395,1,0,0:0:0:0:
192,192,73436,1,0,0:0:0:0:
64,192,73476,1,0,0:0:0:0:
448,192,73517,1,0,0:0:0:0:
320,192,73557,1,0,0:0:0:0:
192,192,73598,1,0,0:0:0:0:
64,192,73639,1,0,0:0:0:0:
192,192,73679,1,0,0:0:0:0:
320,192,73720,1,0,0:0:0:0:
448,192,73760,1,0,0:0:0:0:
320,192,73801,1,0,0:0:0:0:
192,192,73841,1,0,0:0:0:0:
64,192,73882,1,0,0:0:0:0:
448,192,73922,1,0,0:0:0:0:
320,192,73963,1,0,0:0:0:0:
192,192,74003,1,0,0:0:0:0:
64,192,74044,1,0,0:0:0:0:
192,192,74084,1,0,0:0:0:0:
320,192,74125,1,0,0:0:0:0:
448,192,74165,1,0,0:0:0:0:
64,192,74206,1,0,0:0:0:0:
192,192,74247,1,0,0:0:0:0:
320,192,74287,1,0,0:0:0:0:
448,192,74328,1,0,0:0:0:0:
64,192,74490,1,0,0:0:0:0:
192,192,74490,1,0,0:0:0:0:
64,192,74652,1,0,0:0:0:0:
192,192,74652,1,0,0:0:0:0:
448,192,74652,1,0,0:0:0:0:
192,192,74814,1,0,0:0:0:0:
320,192,74814,1,0,0:0:0:0:
448,192,74814,1,0,0:0:0:0:
64,192,74976,1,0,0:0:0:0:
192,192,74976,1,0,0:0:0:0:
320,192,74976,1,0,0:0:0:0:
448,192,74976,1,0,0:0:0:0:
320,192,75138,1,0,0:0:0:0:
448,192,75301,1,0,0:0:0:0:
64,192,75341,1,0,0:0:0:0:
192,192,75382,1,0,0:0:0:0:
320,192,75422,1,0,0:0:0:0:
448,192,75463,1,0,0:0:0:0:
64,192,75503,1,0,0:0:0:0:
320,192,75544,1,0,0:0:0:0:
192,192,75584,1,0,0:0:0:0:
448,192,75625,1,0,0:0:0:0:
64,192,75665,1,0,0:0:0:0:
320,192,75706,1,0,0:0:0:0:
192,192,75746,1,0,0:0:0:0:
448,192,75787,1,0,0:0:0:0:
64,192,75827,1,0,0:0:0:0:
320,192,75868,1,0,0:0:0:0:
192,192,75909,1,0,0:0:0:0:
448,192,75949,1,0,0:0:0:0:
64,192,75990,1,0,0:0:0:0:
192,192,76030,1,0,0:0:0:0:
320,192,76071,1,0,0:0:0:0:
448,192,76111,1,0,0:0:0:0:
64,192,76152,1,0,0:0:0:0:
192,192,76192,1,0,0:0:0:0:
320,192,76233,1,0,0:0:0:0:
448,192,76273,1,0,0:0:0:0:
64,192,76314,1,0,0:0:0:0:
192,192,76354,1,0,0:0:0:0:
320,192,76395,1,0,0:0:0:0:
448,192,76436,1,0,0:0:0:0:
320,192,76476,1,0,0:0:0:0:
192,192,76517,1,0,0:0:0:0:
64,192,76557,1,0,0:0:0:0:
448,192,76598,1,0,0:0:0:0:
320,192,76638,1,0,0:0:0:0:
192,192,76679,1,0,0:0:0:0:
64,192,76719,1,0,0:0:0:0:
192,192,76760,1,0,0:0:0:0:
320,192,76800,1,0,0:0:0:0:
448,192,76841,1,0,0:0:0:0:
64,192,76881,1,0,0:0:0:0:
192,192,76922,1,0,0:0:0:0:
448,192,76963,1,0,0:0:0:0:
320,192,77003,1,0,0:0:0:0:
192,192,77044,1,0,0:0:0:0:
64,192,77084,1,0,0:0:0:0:
448,192,77125,1,0,0:0:0:0:
320,192,77165,1,0,0:0:0:0:
64,192,77206,1,0,0:0:0:0:
192,192,77246,1,0,0:0:0:0:
320,192,77287,1,0,0:0:0:0:
448,192,77327,1,0,0:0:0:0:
64,192,77368,1,0,0:0:0:0:
192,192,77408,1,0,0:0:0:0:
448,192,77449,1,0,0:0:0:0:
320,192,77489,1,0,0:0:0:0:
192,192,77530,1,0,0:0:0:0:
64,192,77571,1,0,0:0:0:0:
448,192,77611,1,0,0:0:0:0:
320,192,77652,1,0,0:0:0:0:
64,192,77692,1,0,0:0:0:0:
192,192,77733,1,0,0:0:0:0:
320,192,77773,1,0,0:0:0:0:
448,192,77814,1,0,0:0:0:0:
64,192,77854,1,0,0:0:0:0:
192,192,77895,1,0,0:0:0:0:
320,192,77935,1,0,0:0:0:0:
448,192,77976,1,0,0:0:0:0:
64,192,78016,1,0,0:0:0:0:
192,192,78057,1,0,0:0:0:0:
320,192,78098,1,0,0:0:0:0:
64,192,78138,1,0,0:0:0:0:
192,192,78179,1,0,0:0:0:0:
320,192,78219,1,0,0:0:0:0:
64,192,78260,1,0,0:0:0:0:
192,192,78300,1,0,0:0:0:0:
320,192,78341,1,0,0:0:0:0:
64,192,78381,1,0,0:0:0:0:
448,192,78422,1,0,0:0:0:0:
320,192,78462,1,0,0:0:0:0:
192,192,78503,1,0,0:0:0:0:
64,192,78543,1,0,0:0:0:0:
448,192,78584,1,0,0:0:0:0:
320,192,78624,1,0,0:0:0:0:
192,192,78665,1,0,0:0:0:0:
448,192,78706,1,0,0:0:0:0:
320,192,78746,1,0,0:0:0:0:
192,192,78787,1,0,0:0:0:0:
448,192,78827,1,0,0:0:0:0:
320,192,78868,1,0,0:0:0:0:
192,192,78908,1,0,0:0:0:0:
64,192,78949,1,0,0:0:0:0:
448,192,78989,1,0,0:0:0:0:
320,192,79030,1,0,0:0:0:0:
192,192,79070,1,0,0:0:0:0:
64,192,79111,1,0,0:0:0:0:
320,192,79151,1,0,0:0:0:0:
192,192,79192,1,0,0:0:0:0:
320,192,79354,1,0,0:0:0:0:
448,192,79354,1,0,0:0:0:0:
64,192,79516,1,0,0:0:0:0:
192,192,79516,1,0,0:0:0:0:
320,192,79516,1,0,0:0:0:0:
448,192,79516,1,0,0:0:0:0:
192,192,79678,1,0,0:0:0:0:
64,192,79841,1,0,0:0:0:0:
320,192,79841,1,0,0:0:0:0:
448,192,79841,1,0,0:0:0:0:
192,192,80003,1,0,0:0:0:0:
320,192,80003,1,0,0:0:0:0:
448,192,80003,1,0,0:0:0:0:
64,192,80165,1,0,0:0:0:0:
192,192,80165,1,0,0:0:0:0:
320,192,80165,1,0,0:0:0:0:
448,192,80165,1,0,0:0:0:0:
64,192,80327,1,0,0:0:0:0:
64,192,80489,1,0,0:0:0:0:
192,192,80489,1,0,0:0:0:0:
320,192,80489,1,0,0:0:0:0:
192,192,80651,1,0,0:0:0:0:
64,192,80813,1,0,0:0:0:0:
192,192,80813,1,0,0:0:0:0:
320,192,80813,1,0,0:0:0:0:
448,192,80813,1,0,0:0:0:0:
64,192,80976,1,0,0:0:0:0:
320,192,80976,1,0,0:0:0:0:
448,192,80976,1,0,0:0:0:0:
192,192,81138,1,0,0:0:0:0:
320,192,81138,1,0,0:0:0:0:
64,192,81300,1,0,0:0:0:0:
64,192,81462,1,0,0:0:0:0:
192,192,81462,1,0,0:0:0:0:
320,192,81462,1,0,0:0:0:0:
448,0,81462,128,0,81624:1:0:0:0:
192,192,81624,1,0,0:0:0:0:
64,192,81786,1,0,0:0:0:0:
320,192,81786,1,0,0:0:0:0:
192,192,81948,1,0,0:0:0:0:
320,192,81948,1,0,0:0:0:0:
448,192,81948,1,0,0:0:0:0:
64,192,82111,1,0,0:0:0:0:
192,192,82111,1,0,0:0:0:0:
320,192,82111,1,0,0:0:0:0:
448,192,82111,1,0,0:0:0:0:
192,192,82273,1,0,0:0:0:0:
64,192,82435,1,0,0:0:0:0:
192,192,82435,1,0,0:0:0:0:
320,192,82435,1,0,0:0:0:0:
64,192,82597,1,0,0:0:0:0:
320,192,82597,1,0,0:0:0:0:
448,192,82597,1,0,0:0:0:0:
64,192,82759,1,0,0:0:0:0:
192,192,82759,1,0,0:0:0:0:
320,192,82759,1,0,0:0:0:0:
448,192,82759,1,0,0:0:0:0:
320,192,82921,1,0,0:0:0:0:
64,192,83083,1,0,0:0:0:0:
192,192,83083,1,0,0:0:0:0:
320,192,83083,1,0,0:0:0:0:
448,192,83083,1,0,0:0:0:0:
192,192,83246,1,0,0:0:0:0:
320,192,83246,1,0,0:0:0:0:
64,192,83408,1,0,0:0:0:0:
192,192,83408,1,0,0:0:0:0:
320,192,83408,1,0,0:0:0:0:
448,192,83408,1,0,0:0:0:0:
64,192,83570,1,0,0:0:0:0:
192,192,83570,1,0,0:0:0:0:
448,192,83570,1,0,0:0:0:0:
320,192,83732,1,0,0:0:0:0:
448,192,83732,1,0,0:0:0:0:
64,192,83894,1,0,0:0:0:0:
192,192,83894,1,0,0:0:0:0:
320,192,83894,1,0,0:0:0:0:
448,192,83894,1,0,0:0:0:0:
64,192,84056,1,0,0:0:0:0:
192,192,84056,1,0,0:0:0:0:
320,192,84056,1,0,0:0:0:0:
64,192,84218,1,0,0:0:0:0:
448,192,84218,1,0,0:0:0:0:
64,192,84381,1,0,0:0:0:0:
192,192,84381,1,0,0:0:0:0:
320,192,84381,1,0,0:0:0:0:
448,192,84381,1,0,0:0:0:0:
192,192,84543,1,0,0:0:0:0:
320,192,84543,1,0,0:0:0:0:
448,192,84543,1,0,0:0:0:0:
64,192,84705,1,0,0:0:0:0:
192,192,84705,1,0,0:0:0:0:
64,192,84867,1,0,0:0:0:0:
192,192,84867,1,0,0:0:0:0:
320,192,84867,1,0,0:0:0:0:
448,192,84867,1,0,0:0:0:0:
64,192,85029,1,0,0:0:0:0:
320,192,85029,1,0,0:0:0:0:
448,192,85029,1,0,0:0:0:0:
64,192,85191,1,0,0:0:0:0:
320,192,85191,1,0,0:0:0:0:
448,192,85191,1,0,0:0:0:0:
64,192,85353,1,0,0:0:0:0:
320,192,85353,1,0,0:0:0:0:
448,192,85353,1,0,0:0:0:0:
192,192,85516,1,0,0:0:0:0:
320,192,85516,1,0,0:0:0:0:
64,192,85678,1,0,0:0:0:0:
320,192,85678,1,0,0:0:0:0:
448,192,85678,1,0,0:0:0:0:
192,192,85840,1,0,0:0:0:0:
64,192,86002,1,0,0:0:0:0:
192,192,86002,1,0,0:0:0:0:
320,192,86002,1,0,0:0:0:0:
448,192,86002,1,0,0:0:0:0:
192,192,86164,1,0,0:0:0:0:
320,192,86164,1,0,0:0:0:0:
448,192,86164,1,0,0:0:0:0:
64,192,86326,1,0,0:0:0:0:
192,192,86326,1,0,0:0:0:0:
64,192,86488,1,0,0:0:0:0:
192,192,86488,1,0,0:0:0:0:
320,192,86488,1,0,0:0:0:0:
448,192,86488,1,0,0:0:0:0:
64,192,86651,1,0,0:0:0:0:
320,192,86651,1,0,0:0:0:0:
448,192,86651,1,0,0:0:0:0:
192,192,86813,1,0,0:0:0:0:
320,192,86813,1,0,0:0:0:0:
64,192,86975,1,0,0:0:0:0:
192,192,86975,1,0,0:0:0:0:
320,192,86975,1,0,0:0:0:0:
448,192,86975,1,0,0:0:0:0:
64,192,87137,1,0,0:0:0:0:
192,192,87137,1,0,0:0:0:0:
448,192,87137,1,0,0:0:0:0:
320,192,87299,1,0,0:0:0:0:
448,192,87299,1,0,0:0:0:0:
64,192,87461,1,0,0:0:0:0:
192,192,87461,1,0,0:0:0:0:
320,192,87461,1,0,0:0:0:0:
448,192,87461,1,0,0:0:0:0:
64,192,87624,1,0,0:0:0:0:
192,192,87624,1,0,0:0:0:0:
448,192,87624,1,0,0:0:0:0:
64,192,87786,1,0,0:0:0:0:
192,192,87786,1,0,0:0:0:0:
448,192,87786,1,0,0:0:0:0:
64,192,87948,1,0,0:0:0:0:
192,192,87948,1,0,0:0:0:0:
448,192,87948,1,0,0:0:0:0:
192,192,88110,1,0,0:0:0:0:
320,192,88110,1,0,0:0:0:0:
64,192,88272,1,0,0:0:0:0:
192,192,88272,1,0,0:0:0:0:
320,192,88272,1,0,0:0:0:0:
448,192,88272,1,0,0:0:0:0:
64,192,88434,1,0,0:0:0:0:
320,192,88434,1,0,0:0:0:0:
448,192,88434,1,0,0:0:0:0:
64,192,88596,1,0,0:0:0:0:
192,192,88596,1,0,0:0:0:0:
320,192,88596,1,0,0:0:0:0:
448,192,88596,1,0,0:0:0:0:
64,192,88759,1,0,0:0:0:0:
192,192,88759,1,0,0:0:0:0:
448,192,88759,1,0,0:0:0:0:
192,192,88921,1,0,0:0:0:0:
320,192,88921,1,0,0:0:0:0:
64,192,89083,1,0,0:0:0:0:
192,192,89083,1,0,0:0:0:0:
320,192,89083,1,0,0:0:0:0:
448,192,89083,1,0,0:0:0:0:
64,192,89245,1,0,0:0:0:0:
192,192,89245,1,0,0:0:0:0:
448,192,89245,1,0,0:0:0:0:
320,192,89407,1,0,0:0:0:0:
448,192,89407,1,0,0:0:0:0:
64,192,89569,1,0,0:0:0:0:
192,192,89569,1,0,0:0:0:0:
320,192,89569,1,0,0:0:0:0:
448,192,89569,1,0,0:0:0:0:
64,192,89731,1,0,0:0:0:0:
192,192,89731,1,0,0:0:0:0:
448,192,89731,1,0,0:0:0:0:
192,192,89894,1,0,0:0:0:0:
320,192,89894,1,0,0:0:0:0:
64,192,90056,1,0,0:0:0:0:
192,192,90056,1,0,0:0:0:0:
320,192,90056,1,0,0:0:0:0:
448,192,90056,1,0,0:0:0:0:
64,192,90218,1,0,0:0:0:0:
192,192,90218,1,0,0:0:0:0:
448,192,90218,1,0,0:0:0:0:
64,192,90380,1,0,0:0:0:0:
320,192,90380,1,0,0:0:0:0:
448,192,90380,1,0,0:0:0:0:
64,192,90542,1,0,0:0:0:0:
192,192,90542,1,0,0:0:0:0:
448,192,90542,1,0,0:0:0:0:
320,192,90704,1,0,0:0:0:0:
448,192,90704,1,0,0:0:0:0:
64,192,90866,1,0,0:0:0:0:
192,192,90866,1,0,0:0:0:0:
448,192,90866,1,0,0:0:0:0:
64,192,91029,1,0,0:0:0:0:
192,192,91029,1,0,0:0:0:0:
64,192,91191,1,0,0:0:0:0:
192,192,91191,1,0,0:0:0:0:
320,192,91191,1,0,0:0:0:0:
448,192,91191,1,0,0:0:0:0:
192,192,91353,1,0,0:0:0:0:
320,192,91353,1,0,0:0:0:0:
448,192,91353,1,0,0:0:0:0:
64,192,91515,1,0,0:0:0:0:
448,192,91515,1,0,0:0:0:0:
64,192,91677,1,0,0:0:0:0:
192,192,91677,1,0,0:0:0:0:
320,192,91677,1,0,0:0:0:0:
448,192,91677,1,0,0:0:0:0:
64,192,91839,1,0,0:0:0:0:
192,192,91839,1,0,0:0:0:0:
448,192,91839,1,0,0:0:0:0:
192,192,92001,1,0,0:0:0:0:
320,192,92001,1,0,0:0:0:0:
64,192,92164,1,0,0:0:0:0:
192,192,92164,1,0,0:0:0:0:
320,192,92164,1,0,0:0:0:0:
448,192,92164,1,0,0:0:0:0:
192,192,92326,1,0,0:0:0:0:
320,192,92326,1,0,0:0:0:0:
448,192,92326,1,0,0:0:0:0:
64,192,92488,1,0,0:0:0:0:
192,192,92488,1,0,0:0:0:0:
64,192,92650,1,0,0:0:0:0:
192,192,92650,1,0,0:0:0:0:
320,192,92650,1,0,0:0:0:0:
448,192,92650,1,0,0:0:0:0:
64,192,92812,1,0,0:0:0:0:
192,192,92812,1,0,0:0:0:0:
320,192,92812,1,0,0:0:0:0:
192,192,92974,1,0,0:0:0:0:
320,192,92974,1,0,0:0:0:0:
448,192,92974,1,0,0:0:0:0:
64,192,93136,1,0,0:0:0:0:
192,192,93136,1,0,0:0:0:0:
320,192,93136,1,0,0:0:0:0:
320,192,93299,1,0,0:0:0:0:
448,192,93299,1,0,0:0:0:0:
64,192,93461,1,0,0:0:0:0:
192,192,93461,1,0,0:0:0:0:
320,192,93461,1,0,0:0:0:0:
448,192,93461,1,0,0:0:0:0:
64,192,93623,1,0,0:0:0:0:
192,192,93623,1,0,0:0:0:0:
448,192,93623,1,0,0:0:0:0:
64,192,93785,1,0,0:0:0:0:
192,192,93785,1,0,0:0:0:0:
320,192,93785,1,0,0:0:0:0:
448,192,93785,1,0,0:0:0:0:
64,192,93947,1,0,0:0:0:0:
192,192,93947,1,0,0:0:0:0:
320,192,93947,1,0,0:0:0:0:
64,192,94109,1,0,0:0:0:0:
320,192,94109,1,0,0:0:0:0:
448,192,94109,1,0,0:0:0:0:
64,192,94271,1,0,0:0:0:0:
192,192,94271,1,0,0:0:0:0:
320,192,94271,1,0,0:0:0:0:
448,192,94271,1,0,0:0:0:0:
192,192,94434,1,0,0:0:0:0:
320,192,94434,1,0,0:0:0:0:
448,192,94434,1,0,0:0:0:0:
64,192,94596,1,0,0:0:0:0:
192,192,94596,1,0,0:0:0:0:
320,192,94596,1,0,0:0:0:0:
64,192,94758,1,0,0:0:0:0:
192,192,94758,1,0,0:0:0:0:
320,192,94758,1,0,0:0:0:0:
448,192,94758,1,0,0:0:0:0:
64,192,94920,1,0,0:0:0:0:
192,192,94920,1,0,0:0:0:0:
448,192,94920,1,0,0:0:0:0:
64,192,95082,1,0,0:0:0:0:
320,192,95082,1,0,0:0:0:0:
448,192,95082,1,0,0:0:0:0:
64,192,95244,1,0,0:0:0:0:
192,192,95244,1,0,0:0:0:0:
320,192,95244,1,0,0:0:0:0:
448,192,95244,1,0,0:0:0:0:
64,192,95406,1,0,0:0:0:0:
192,192,95406,1,0,0:0:0:0:
320,192,95406,1,0,0:0:0:0:
64,192,95569,1,0,0:0:0:0:
192,192,95569,1,0,0:0:0:0:
320,192,95569,1,0,0:0:0:0:
64,192,95731,1,0,0:0:0:0:
192,192,95731,1,0,0:0:0:0:
320,192,95731,1,0,0:0:0:0:
320,192,95893,1,0,0:0:0:0:
448,192,95893,1,0,0:0:0:0:
64,192,96055,1,0,0:0:0:0:
192,192,96055,1,0,0:0:0:0:
320,192,96055,1,0,0:0:0:0:
448,192,96055,1,0,0:0:0:0:
192,192,96217,1,0,0:0:0:0:
320,192,96217,1,0,0:0:0:0:
64,192,96379,1,0,0:0:0:0:
192,192,96379,1,0,0:0:0:0:
320,192,96379,1,0,0:0:0:0:
448,192,96379,1,0,0:0:0:0:
64,192,96541,1,0,0:0:0:0:
192,192,96541,1,0,0:0:0:0:
448,192,96541,1,0,0:0:0:0:
320,192,96704,1,0,0:0:0:0:
448,192,96704,1,0,0:0:0:0:
64,192,96866,1,0,0:0:0:0:
192,192,96866,1,0,0:0:0:0:
320,192,96866,1,0,0:0:0:0:
448,192,96866,1,0,0:0:0:0:
64,192,97028,1,0,0:0:0:0:
192,192,97028,1,0,0:0:0:0:
320,192,97028,1,0,0:0:0:0:
64,192,97190,1,0,0:0:0:0:
448,192,97190,1,0,0:0:0:0:
64,192,97352,1,0,0:0:0:0:
192,192,97352,1,0,0:0:0:0:
320,192,97352,1,0,0:0:0:0:
448,192,97352,1,0,0:0:0:0:
64,192,97514,1,0,0:0:0:0:
192,192,97514,1,0,0:0:0:0:
320,192,97514,1,0,0:0:0:0:
192,192,97676,1,0,0:0:0:0:
320,192,97676,1,0,0:0:0:0:
64,192,97839,1,0,0:0:0:0:
192,192,97839,1,0,0:0:0:0:
320,192,97839,1,0,0:0:0:0:
448,192,97839,1,0,0:0:0:0:
192,192,98001,1,0,0:0:0:0:
320,192,98001,1,0,0:0:0:0:
448,192,98001,1,0,0:0:0:0:
192,192,98163,1,0,0:0:0:0:
320,192,98163,1,0,0:0:0:0:
448,192,98163,1,0,0:0:0:0:
192,192,98325,1,0,0:0:0:0:
320,192,98325,1,0,0:0:0:0:
448,192,98325,1,0,0:0:0:0:
64,192,98487,1,0,0:0:0:0:
192,192,98487,1,0,0:0:0:0:
64,192,98649,1,0,0:0:0:0:
192,192,98649,1,0,0:0:0:0:
320,192,98649,1,0,0:0:0:0:
448,192,98649,1,0,0:0:0:0:
64,192,98811,1,0,0:0:0:0:
320,192,98811,1,0,0:0:0:0:
448,192,98811,1,0,0:0:0:0:
64,192,98974,1,0,0:0:0:0:
192,192,98974,1,0,0:0:0:0:
320,192,98974,1,0,0:0:0:0:
448,192,98974,1,0,0:0:0:0:
64,192,99136,1,0,0:0:0:0:
192,192,99136,1,0,0:0:0:0:
320,192,99136,1,0,0:0:0:0:
192,192,99298,1,0,0:0:0:0:
320,192,99298,1,0,0:0:0:0:
448,192,99298,1,0,0:0:0:0:
64,192,99460,1,0,0:0:0:0:
192,192,99460,1,0,0:0:0:0:
320,192,99460,1,0,0:0:0:0:
448,192,99460,1,0,0:0:0:0:
64,192,99622,1,0,0:0:0:0:
320,192,99622,1,0,0:0:0:0:
448,192,99622,1,0,0:0:0:0:
64,192,99784,1,0,0:0:0:0:
192,192,99784,1,0,0:0:0:0:
448,192,99784,1,0,0:0:0:0:
64,192,99947,1,0,0:0:0:0:
192,192,99947,1,0,0:0:0:0:
320,192,99947,1,0,0:0:0:0:
448,192,99947,1,0,0:0:0:0:
64,192,100109,1,0,0:0:0:0:
192,192,100109,1,0,0:0:0:0:
448,192,100109,1,0,0:0:0:0:
192,192,100271,1,0,0:0:0:0:
320,192,100271,1,0,0:0:0:0:
448,192,100271,1,0,0:0:0:0:
64,192,100433,1,0,0:0:0:0:
192,192,100433,1,0,0:0:0:0:
320,192,100433,1,0,0:0:0:0:
448,192,100433,1,0,0:0:0:0:
64,192,100595,1,0,0:0:0:0:
192,192,100595,1,0,0:0:0:0:
320,192,100595,1,0,0:0:0:0:
64,192,100757,1,0,0:0:0:0:
192,192,100757,1,0,0:0:0:0:
320,192,100757,1,0,0:0:0:0:
64,192,100919,1,0,0:0:0:0:
192,192,100919,1,0,0:0:0:0:
320,192,100919,1,0,0:0:0:0:
320,192,101082,1,0,0:0:0:0:
448,192,101082,1,0,0:0:0:0:
64,192,101244,1,0,0:0:0:0:
192,192,101244,1,0,0:0:0:0:
320,192,101244,1,0,0:0:0:0:
448,192,101244,1,0,0:0:0:0:
64,192,101406,1,0,0:0:0:0:
192,192,101406,1,0,0:0:0:0:
64,192,101568,1,0,0:0:0:0:
192,192,101568,1,0,0:0:0:0:
320,192,101568,1,0,0:0:0:0:
448,192,101568,1,0,0:0:0:0:
192,192,101730,1,0,0:0:0:0:
320,192,101730,1,0,0:0:0:0:
448,192,101730,1,0,0:0:0:0:
64,192,101892,1,0,0:0:0:0:
192,192,101892,1,0,0:0:0:0:
64,192,102054,1,0,0:0:0:0:
192,192,102054,1,0,0:0:0:0:
320,192,102054,1,0,0:0:0:0:
448,192,102054,1,0,0:0:0:0:
64,192,102217,1,0,0:0:0:0:
192,192,102217,1,0,0:0:0:0:
320,192,102217,1,0,0:0:0:0:
320,192,102379,1,0,0:0:0:0:
448,192,102379,1,0,0:0:0:0:
64,192,102541,1,0,0:0:0:0:
192,192,102541,1,0,0:0:0:0:
320,192,102541,1,0,0:0:0:0:
448,192,102541,1,0,0:0:0:0:
192,192,102703,1,0,0:0:0:0:
320,192,102703,1,0,0:0:0:0:
448,192,102703,1,0,0:0:0:0:
64,192,102784,1,0,0:0:0:0:
192,192,102865,1,0,0:0:0:0:
320,192,102865,1,0,0:0:0:0:
448,192,102865,1,0,0:0:0:0:
64,192,103027,1,0,0:0:0:0:
192,192,103027,1,0,0:0:0:0:
320,192,103027,1,0,0:0:0:0:
448,192,103108,1,0,0:0:0:0:
64,192,103189,1,0,0:0:0:0:
192,192,103189,1,0,0:0:0:0:
320,192,103189,1,0,0:0:0:0:
64,192,103352,1,0,0:0:0:0:
192,192,103352,1,0,0:0:0:0:
320,192,103352,1,0,0:0:0:0:
448,192,103352,1,0,0:0:0:0:
64,192,103514,1,0,0:0:0:0:
192,192,103514,1,0,0:0:0:0:
320,192,103514,1,0,0:0:0:0:
448,192,103514,1,0,0:0:0:0:
320,192,103838,1,0,0:0:0:0:
448,192,103838,1,0,0:0:0:0:
64,192,103879,1,0,0:0:0:0:
192,192,103919,1,0,0:0:0:0:
320,192,103960,1,0,0:0:0:0:
64,192,104000,1,0,0:0:0:0:
192,192,104041,1,0,0:0:0:0:
448,192,104081,1,0,0:0:0:0:
192,192,104162,1,0,0:0:0:0:
320,192,104162,1,0,0:0:0:0:
64,192,104243,1,0,0:0:0:0:
192,192,104284,1,0,0:0:0:0:
448,192,104324,1,0,0:0:0:0:
320,192,104365,1,0,0:0:0:0:
64,192,104405,1,0,0:0:0:0:
192,192,104446,1,0,0:0:0:0:
448,192,104487,1,0,0:0:0:0:
320,192,104527,1,0,0:0:0:0:
64,192,104568,1,0,0:0:0:0:
192,192,104649,1,0,0:0:0:0:
448,192,104689,1,0,0:0:0:0:
320,192,104730,1,0,0:0:0:0:
64,192,104811,1,0,0:0:0:0:
448,192,104811,1,0,0:0:0:0:
320,192,104851,1,0,0:0:0:0:
192,192,104892,1,0,0:0:0:0:
64,192,104932,1,0,0:0:0:0:
320,192,104973,1,0,0:0:0:0:
192,192,105014,1,0,0:0:0:0:
448,192,105054,1,0,0:0:0:0:
64,192,105095,1,0,0:0:0:0:
320,192,105135,1,0,0:0:0:0:
448,192,105176,1,0,0:0:0:0:
192,192,105216,1,0,0:0:0:0:
320,192,105257,1,0,0:0:0:0:
64,192,105297,1,0,0:0:0:0:
192,192,105338,1,0,0:0:0:0:
448,192,105378,1,0,0:0:0:0:
192,192,105459,1,0,0:0:0:0:
320,192,105459,1,0,0:0:0:0:
64,192,105540,1,0,0:0:0:0:
448,192,105622,1,0,0:0:0:0:
64,192,105703,1,0,0:0:0:0:
448,192,105784,1,0,0:0:0:0:
64,192,105865,1,0,0:0:0:0:
192,192,105946,1,0,0:0:0:0:
320,192,106027,1,0,0:0:0:0:
64,192,106108,1,0,0:0:0:0:
448,192,106108,1,0,0:0:0:0:
192,192,106189,1,0,0:0:0:0:
320,192,106270,1,0,0:0:0:0:
448,192,106351,1,0,0:0:0:0:
320,192,106432,1,0,0:0:0:0:
448,192,106473,1,0,0:0:0:0:
192,192,106513,1,0,0:0:0:0:
320,192,106554,1,0,0:0:0:0:
64,192,106594,1,0,0:0:0:0:
192,192,106635,1,0,0:0:0:0:
448,192,106676,1,0,0:0:0:0:
64,192,106716,1,0,0:0:0:0:
192,192,106757,1,0,0:0:0:0:
320,192,106757,1,0,0:0:0:0:
448,192,106797,1,0,0:0:0:0:
64,192,106838,1,0,0:0:0:0:
320,192,106919,1,0,0:0:0:0:
192,192,106959,1,0,0:0:0:0:
64,192,107000,1,0,0:0:0:0:
448,192,107040,1,0,0:0:0:0:
320,192,107081,1,0,0:0:0:0:
192,192,107121,1,0,0:0:0:0:
64,192,107162,1,0,0:0:0:0:
448,192,107202,1,0,0:0:0:0:
192,192,107243,1,0,0:0:0:0:
64,192,107284,1,0,0:0:0:0:
320,192,107324,1,0,0:0:0:0:
64,192,107405,1,0,0:0:0:0:
448,192,107405,1,0,0:0:0:0:
320,192,107446,1,0,0:0:0:0:
192,192,107486,1,0,0:0:0:0:
64,192,107527,1,0,0:0:0:0:
320,192,107567,1,0,0:0:0:0:
192,192,107608,1,0,0:0:0:0:
448,192,107648,1,0,0:0:0:0:
320,192,107689,1,0,0:0:0:0:
64,192,107729,1,0,0:0:0:0:
192,192,107770,1,0,0:0:0:0:
448,192,107811,1,0,0:0:0:0:
320,192,107851,1,0,0:0:0:0:
64,192,107892,1,0,0:0:0:0:
192,192,107932,1,0,0:0:0:0:
448,192,107973,1,0,0:0:0:0:
192,192,108054,1,0,0:0:0:0:
320,192,108054,1,0,0:0:0:0:
64,192,108135,1,0,0:0:0:0:
192,192,108216,1,0,0:0:0:0:
320,192,108297,1,0,0:0:0:0:
448,192,108378,1,0,0:0:0:0:
192,192,108459,1,0,0:0:0:0:
320,192,108540,1,0,0:0:0:0:
192,192,108621,1,0,0:0:0:0:
320,192,108702,1,0,0:0:0:0:
448,192,108702,1,0,0:0:0:0:
64,192,108783,1,0,0:0:0:0:
192,192,108864,1,0,0:0:0:0:
320,192,108946,1,0,0:0:0:0:
448,192,109027,1,0,0:0:0:0:
320,192,109067,1,0,0:0:0:0:
64,192,109108,1,0,0:0:0:0:
448,192,109148,1,0,0:0:0:0:
192,192,109189,1,0,0:0:0:0:
320,192,109229,1,0,0:0:0:0:
64,192,109270,1,0,0:0:0:0:
192,192,109351,1,0,0:0:0:0:
448,192,109351,1,0,0:0:0:0:
64,192,109391,1,0,0:0:0:0:
320,192,109432,1,0,0:0:0:0:
448,192,109472,1,0,0:0:0:0:
64,192,109513,1,0,0:0:0:0:
192,192,109554,1,0,0:0:0:0:
320,192,109594,1,0,0:0:0:0:
448,192,109635,1,0,0:0:0:0:
64,192,109675,1,0,0:0:0:0:
320,192,109716,1,0,0:0:0:0:
192,192,109756,1,0,0:0:0:0:
448,192,109797,1,0,0:0:0:0:
320,192,109837,1,0,0:0:0:0:
192,192,109878,1,0,0:0:0:0:
448,192,109918,1,0,0:0:0:0:
320,192,109959,1,0,0:0:0:0:
64,192,109999,1,0,0:0:0:0:
192,192,109999,1,0,0:0:0:0:
320,192,110040,1,0,0:0:0:0:
448,192,110081,1,0,0:0:0:0:
192,192,110121,1,0,0:0:0:0:
64,192,110162,1,0,0:0:0:0:
320,192,110202,1,0,0:0:0:0:
448,192,110243,1,0,0:0:0:0:
192,192,110283,1,0,0:0:0:0:
64,192,110324,1,0,0:0:0:0:
320,192,110364,1,0,0:0:0:0:
192,192,110405,1,0,0:0:0:0:
448,192,110445,1,0,0:0:0:0:
64,192,110486,1,0,0:0:0:0:
320,192,110526,1,0,0:0:0:0:
192,192,110567,1,0,0:0:0:0:
320,192,110648,1,0,0:0:0:0:
448,192,110648,1,0,0:0:0:0:
64,192,110729,1,0,0:0:0:0:
448,192,110810,1,0,0:0:0:0:
64,192,110891,1,0,0:0:0:0:
448,192,110972,1,0,0:0:0:0:
192,192,111053,1,0,0:0:0:0:
448,192,111134,1,0,0:0:0:0:
192,192,111216,1,0,0:0:0:0:
320,192,111297,1,0,0:0:0:0:
448,192,111297,1,0,0:0:0:0:
64,192,111378,1,0,0:0:0:0:
192,192,111459,1,0,0:0:0:0:
320,192,111540,1,0,0:0:0:0:
448,192,111621,1,0,0:0:0:0:
64,192,111661,1,0,0:0:0:0:
320,192,111702,1,0,0:0:0:0:
448,192,111743,1,0,0:0:0:0:
192,192,111783,1,0,0:0:0:0:
320,192,111824,1,0,0:0:0:0:
64,192,111864,1,0,0:0:0:0:
192,192,111905,1,0,0:0:0:0:
320,192,111945,1,0,0:0:0:0:
448,192,111945,1,0,0:0:0:0:
64,192,111986,1,0,0:0:0:0:
192,192,112026,1,0,0:0:0:0:
448,192,112067,1,0,0:0:0:0:
64,192,112107,1,0,0:0:0:0:
192,192,112148,1,0,0:0:0:0:
320,192,112188,1,0,0:0:0:0:
448,192,112229,1,0,0:0:0:0:
192,192,112270,1,0,0:0:0:0:
64,192,112310,1,0,0:0:0:0:
320,192,112351,1,0,0:0:0:0:
448,192,112391,1,0,0:0:0:0:
192,192,112432,1,0,0:0:0:0:
64,192,112472,1,0,0:0:0:0:
448,192,112513,1,0,0:0:0:0:
320,192,112553,1,0,0:0:0:0:
64,192,112594,1,0,0:0:0:0:
192,192,112594,1,0,0:0:0:0:
320,192,112675,1,0,0:0:0:0:
192,192,112715,1,0,0:0:0:0:
448,192,112756,1,0,0:0:0:0:
64,192,112796,1,0,0:0:0:0:
320,192,112837,1,0,0:0:0:0:
448,192,112878,1,0,0:0:0:0:
192,192,112918,1,0,0:0:0:0:
320,192,112959,1,0,0:0:0:0:
64,192,112999,1,0,0:0:0:0:
448,192,113040,1,0,0:0:0:0:
192,192,113080,1,0,0:0:0:0:
64,192,113121,1,0,0:0:0:0:
320,192,113161,1,0,0:0:0:0:
192,192,113202,1,0,0:0:0:0:
64,192,113242,1,0,0:0:0:0:
448,192,113242,1,0,0:0:0:0:
192,192,113323,1,0,0:0:0:0:
64,192,113405,1,0,0:0:0:0:
192,192,113486,1,0,0:0:0:0:
448,192,113567,1,0,0:0:0:0:
320,192,113648,1,0,0:0:0:0:
448,192,113729,1,0,0:0:0:0:
320,192,113810,1,0,0:0:0:0:
64,192,113891,1,0,0:0:0:0:
192,192,113891,1,0,0:0:0:0:
448,192,113972,1,0,0:0:0:0:
64,192,114053,1,0,0:0:0:0:
192,192,114134,1,0,0:0:0:0:
320,192,114215,1,0,0:0:0:0:
64,192,114256,1,0,0:0:0:0:
448,192,114296,1,0,0:0:0:0:
192,192,114337,1,0,0:0:0:0:
64,192,114377,1,0,0:0:0:0:
320,192,114418,1,0,0:0:0:0:
192,192,114458,1,0,0:0:0:0:
320,192,114499,1,0,0:0:0:0:
64,192,114540,1,0,0:0:0:0:
448,192,114540,1,0,0:0:0:0:
192,192,114580,1,0,0:0:0:0:
320,192,114621,1,0,0:0:0:0:
64,192,114661,1,0,0:0:0:0:
192,192,114702,1,0,0:0:0:0:
448,192,114742,1,0,0:0:0:0:
64,192,114783,1,0,0:0:0:0:
320,192,114823,1,0,0:0:0:0:
448,192,114864,1,0,0:0:0:0:
192,192,114904,1,0,0:0:0:0:
320,192,114945,1,0,0:0:0:0:
64,192,114985,1,0,0:0:0:0:
192,192,115026,1,0,0:0:0:0:
448,192,115066,1,0,0:0:0:0:
320,192,115107,1,0,0:0:0:0:
448,192,115148,1,0,0:0:0:0:
64,192,115188,1,0,0:0:0:0:
192,192,115188,1,0,0:0:0:0:
320,192,115229,1,0,0:0:0:0:
448,192,115269,1,0,0:0:0:0:
192,192,115310,1,0,0:0:0:0:
64,192,115350,1,0,0:0:0:0:
320,192,115391,1,0,0:0:0:0:
192,192,115431,1,0,0:0:0:0:
64,192,115472,1,0,0:0:0:0:
320,192,115512,1,0,0:0:0:0:
192,192,115553,1,0,0:0:0:0:
448,192,115593,1,0,0:0:0:0:
320,192,115634,1,0,0:0:0:0:
64,192,115675,1,0,0:0:0:0:
448,192,115715,1,0,0:0:0:0:
192,192,115756,1,0,0:0:0:0:
320,192,115837,1,0,0:0:0:0:
448,192,115837,1,0,0:0:0:0:
64,192,115918,1,0,0:0:0:0:
448,192,115999,1,0,0:0:0:0:
64,192,116080,1,0,0:0:0:0:
448,192,116161,1,0,0:0:0:0:
320,192,116242,1,0,0:0:0:0:
192,192,116323,1,0,0:0:0:0:
64,192,116404,1,0,0:0:0:0:
320,192,116485,1,0,0:0:0:0:
448,192,116485,1,0,0:0:0:0:
64,192,116566,1,0,0:0:0:0:
448,192,116647,1,0,0:0:0:0:
64,192,116728,1,0,0:0:0:0:
192,192,116810,1,0,0:0:0:0:
448,192,116850,1,0,0:0:0:0:
320,192,116891,1,0,0:0:0:0:
192,192,116931,1,0,0:0:0:0:
448,192,116972,1,0,0:0:0:0:
320,192,117012,1,0,0:0:0:0:
64,192,117053,1,0,0:0:0:0:
448,192,117093,1,0,0:0:0:0:
192,192,117134,1,0,0:0:0:0:
320,192,117134,1,0,0:0:0:0:
64,192,117174,1,0,0:0:0:0:
448,192,117215,1,0,0:0:0:0:
192,192,117255,1,0,0:0:0:0:
64,192,117296,1,0,0:0:0:0:
448,192,117337,1,0,0:0:0:0:
320,192,117377,1,0,0:0:0:0:
64,192,117418,1,0,0:0:0:0:
192,192,117458,1,0,0:0:0:0:
320,192,117499,1,0,0:0:0:0:
448,192,117539,1,0,0:0:0:0:
192,192,117580,1,0,0:0:0:0:
64,192,117620,1,0,0:0:0:0:
448,192,117661,1,0,0:0:0:0:
320,192,117701,1,0,0:0:0:0:
64,192,117742,1,0,0:0:0:0:
192,192,117782,1,0,0:0:0:0:
448,192,117782,1,0,0:0:0:0:
320,192,117823,1,0,0:0:0:0:
64,192,117863,1,0,0:0:0:0:
192,192,117904,1,0,0:0:0:0:
320,192,117945,1,0,0:0:0:0:
448,192,117985,1,0,0:0:0:0:
192,192,118026,1,0,0:0:0:0:
320,192,118066,1,0,0:0:0:0:
448,192,118107,1,0,0:0:0:0:
192,192,118147,1,0,0:0:0:0:
64,192,118188,1,0,0:0:0:0:
320,192,118228,1,0,0:0:0:0:
448,192,118269,1,0,0:0:0:0:
192,192,118309,1,0,0:0:0:0:
64,192,118350,1,0,0:0:0:0:
320,192,118431,1,0,0:0:0:0:
448,192,118431,1,0,0:0:0:0:
192,192,118472,1,0,0:0:0:0:
64,192,118512,1,0,0:0:0:0:
320,192,118553,1,0,0:0:0:0:
192,192,118593,1,0,0:0:0:0:
448,192,118634,1,0,0:0:0:0:
320,192,118674,1,0,0:0:0:0:
64,192,118715,1,0,0:0:0:0:
448,192,118755,1,0,0:0:0:0:
192,192,118796,1,0,0:0:0:0:
64,192,118836,1,0,0:0:0:0:
320,192,118877,1,0,0:0:0:0:
192,192,118917,1,0,0:0:0:0:
448,192,118958,1,0,0:0:0:0:
320,192,118999,1,0,0:0:0:0:
64,192,119080,1,0,0:0:0:0:
448,192,119080,1,0,0:0:0:0:
320,192,119120,1,0,0:0:0:0:
192,192,119161,1,0,0:0:0:0:
64,192,119201,1,0,0:0:0:0:
320,192,119242,1,0,0:0:0:0:
448,192,119282,1,0,0:0:0:0:
192,192,119323,1,0,0:0:0:0:
64,192,119363,1,0,0:0:0:0:
320,192,119404,1,0,0:0:0:0:
192,192,119444,1,0,0:0:0:0:
448,192,119485,1,0,0:0:0:0:
320,192,119525,1,0,0:0:0:0:
64,192,119566,1,0,0:0:0:0:
448,192,119607,1,0,0:0:0:0:
192,192,119647,1,0,0:0:0:0:
320,192,119688,1,0,0:0:0:0:
64,192,119728,1,0,0:0:0:0:
448,192,119728,1,0,0:0:0:0:
192,192,119769,1,0,0:0:0:0:
320,192,119809,1,0,0:0:0:0:
64,192,119850,1,0,0:0:0:0:
192,192,119890,1,0,0:0:0:0:
448,192,119931,1,0,0:0:0:0:
64,192,119971,1,0,0:0:0:0:
320,192,120012,1,0,0:0:0:0:
192,192,120052,1,0,0:0:0:0:
448,192,120093,1,0,0:0:0:0:
320,192,120134,1,0,0:0:0:0:
64,192,120174,1,0,0:0:0:0:
448,192,120215,1,0,0:0:0:0:
320,192,120255,1,0,0:0:0:0:
192,192,120296,1,0,0:0:0:0:
448,192,120336,1,0,0:0:0:0:
64,192,120377,1,0,0:0:0:0:
320,192,120377,1,0,0:0:0:0:
192,192,120417,1,0,0:0:0:0:
448,192,120458,1,0,0:0:0:0:
320,192,120498,1,0,0:0:0:0:
192,192,120539,1,0,0:0:0:0:
64,192,120579,1,0,0:0:0:0:
320,192,120620,1,0,0:0:0:0:
448,192,120660,1,0,0:0:0:0:
64,192,120701,1,0,0:0:0:0:
192,192,120742,1,0,0:0:0:0:
448,192,120782,1,0,0:0:0:0:
320,192,120823,1,0,0:0:0:0:
192,192,120863,1,0,0:0:0:0:
64,192,120904,1,0,0:0:0:0:
320,192,120944,1,0,0:0:0:0:
192,192,120985,1,0,0:0:0:0:
64,192,121025,1,0,0:0:0:0:
448,192,121025,1,0,0:0:0:0:
192,192,121106,1,0,0:0:0:0:
320,192,121187,1,0,0:0:0:0:
448,192,121269,1,0,0:0:0:0:
64,192,121350,1,0,0:0:0:0:
192,192,121431,1,0,0:0:0:0:
320,192,121512,1,0,0:0:0:0:
448,192,121593,1,0,0:0:0:0:
64,192,121674,1,0,0:0:0:0:
192,192,121674,1,0,0:0:0:0:
448,192,121755,1,0,0:0:0:0:
320,192,121836,1,0,0:0:0:0:
448,192,121917,1,0,0:0:0:0:
320,192,121998,1,0,0:0:0:0:
448,192,122039,1,0,0:0:0:0:
192,192,122079,1,0,0:0:0:0:
320,192,122120,1,0,0:0:0:0:
64,192,122160,1,0,0:0:0:0:
448,192,122201,1,0,0:0:0:0:
192,192,122241,1,0,0:0:0:0:
320,192,122282,1,0,0:0:0:0:
64,192,122322,1,0,0:0:0:0:
448,192,122322,1,0,0:0:0:0:
192,192,122363,1,0,0:0:0:0:
320,192,122404,1,0,0:0:0:0:
64,192,122444,1,0,0:0:0:0:
192,192,122485,1,0,0:0:0:0:
448,192,122525,1,0,0:0:0:0:
64,192,122566,1,0,0:0:0:0:
320,192,122606,1,0,0:0:0:0:
448,192,122647,1,0,0:0:0:0:
64,192,122687,1,0,0:0:0:0:
192,192,122728,1,0,0:0:0:0:
448,192,122768,1,0,0:0:0:0:
320,192,122809,1,0,0:0:0:0:
192,192,122849,1,0,0:0:0:0:
64,192,122890,1,0,0:0:0:0:
320,192,122971,1,0,0:0:0:0:
448,192,122971,1,0,0:0:0:0:
192,192,123012,1,0,0:0:0:0:
64,192,123052,1,0,0:0:0:0:
320,192,123093,1,0,0:0:0:0:
448,192,123133,1,0,0:0:0:0:
192,192,123174,1,0,0:0:0:0:
64,192,123214,1,0,0:0:0:0:
320,192,123255,1,0,0:0:0:0:
448,192,123295,1,0,0:0:0:0:
192,192,123336,1,0,0:0:0:0:
64,192,123376,1,0,0:0:0:0:
320,192,123417,1,0,0:0:0:0:
192,192,123457,1,0,0:0:0:0:
448,192,123498,1,0,0:0:0:0:
320,192,123539,1,0,0:0:0:0:
192,192,123579,1,0,0:0:0:0:
64,192,123620,1,0,0:0:0:0:
448,192,123620,1,0,0:0:0:0:
192,192,123701,1,0,0:0:0:0:
320,192,123782,1,0,0:0:0:0:
448,192,123863,1,0,0:0:0:0:
64,192,123944,1,0,0:0:0:0:
448,192,124025,1,0,0:0:0:0:
320,192,124106,1,0,0:0:0:0:
192,192,124187,1,0,0:0:0:0:
64,192,124268,1,0,0:0:0:0:
448,192,124268,1,0,0:0:0:0:
320,192,124349,1,0,0:0:0:0:
448,192,124430,1,0,0:0:0:0:
320,192,124511,1,0,0:0:0:0:
192,192,124592,1,0,0:0:0:0:
448,192,124633,1,0,0:0:0:0:
64,192,124674,1,0,0:0:0:0:
320,192,124714,1,0,0:0:0:0:
192,192,124755,1,0,0:0:0:0:
448,192,124795,1,0,0:0:0:0:
320,192,124836,1,0,0:0:0:0:
192,192,124876,1,0,0:0:0:0:
64,192,124917,1,0,0:0:0:0:
448,192,124917,1,0,0:0:0:0:
320,192,124957,1,0,0:0:0:0:
192,192,124998,1,0,0:0:0:0:
64,192,125038,1,0,0:0:0:0:
320,192,125079,1,0,0:0:0:0:
448,192,125119,1,0,0:0:0:0:
192,192,125160,1,0,0:0:0:0:
64,192,125201,1,0,0:0:0:0:
320,192,125241,1,0,0:0:0:0:
192,192,125282,1,0,0:0:0:0:
448,192,125322,1,0,0:0:0:0:
320,192,125363,1,0,0:0:0:0:
64,192,125403,1,0,0:0:0:0:
192,192,125444,1,0,0:0:0:0:
448,192,125484,1,0,0:0:0:0:
320,192,125525,1,0,0:0:0:0:
64,192,125565,1,0,0:0:0:0:
192,192,125565,1,0,0:0:0:0:
320,192,125606,1,0,0:0:0:0:
448,192,125646,1,0,0:0:0:0:
64,192,125687,1,0,0:0:0:0:
320,192,125727,1,0,0:0:0:0:
448,192,125768,1,0,0:0:0:0:
192,192,125809,1,0,0:0:0:0:
320,192,125849,1,0,0:0:0:0:
64,192,125890,1,0,0:0:0:0:
448,192,125930,1,0,0:0:0:0:
320,192,125971,1,0,0:0:0:0:
64,192,126011,1,0,0:0:0:0:
192,192,126052,1,0,0:0:0:0:
320,192,126092,1,0,0:0:0:0:
448,192,126133,1,0,0:0:0:0:
64,192,126214,1,0,0:0:0:0:
192,192,126214,1,0,0:0:0:0:
448,192,126254,1,0,0:0:0:0:
320,192,126295,1,0,0:0:0:0:
192,192,126336,1,0,0:0:0:0:
448,192,126376,1,0,0:0:0:0:
320,192,126417,1,0,0:0:0:0:
64,192,126457,1,0,0:0:0:0:
448,192,126498,1,0,0:0:0:0:
192,192,126538,1,0,0:0:0:0:
64,192,126579,1,0,0:0:0:0:
320,192,126619,1,0,0:0:0:0:
192,192,126660,1,0,0:0:0:0:
448,192,126700,1,0,0:0:0:0:
320,192,126741,1,0,0:0:0:0:
64,192,126781,1,0,0:0:0:0:
192,192,126863,1,0,0:0:0:0:
320,192,126863,1,0,0:0:0:0:
448,192,126944,1,0,0:0:0:0:
64,192,127025,1,0,0:0:0:0:
448,192,127106,1,0,0:0:0:0:
320,192,127187,1,0,0:0:0:0:
448,192,127227,1,0,0:0:0:0:
192,192,127268,1,0,0:0:0:0:
320,192,127308,1,0,0:0:0:0:
64,192,127349,1,0,0:0:0:0:
192,192,127389,1,0,0:0:0:0:
448,192,127430,1,0,0:0:0:0:
64,192,127471,1,0,0:0:0:0:
192,192,127511,1,0,0:0:0:0:
320,192,127511,1,0,0:0:0:0:
448,192,127552,1,0,0:0:0:0:
64,192,127592,1,0,0:0:0:0:
192,192,127633,1,0,0:0:0:0:
448,192,127673,1,0,0:0:0:0:
320,192,127714,1,0,0:0:0:0:
64,192,127754,1,0,0:0:0:0:
448,192,127795,1,0,0:0:0:0:
192,192,127835,1,0,0:0:0:0:
64,192,127876,1,0,0:0:0:0:
320,192,127916,1,0,0:0:0:0:
448,192,127957,1,0,0:0:0:0:
192,192,127998,1,0,0:0:0:0:
64,192,128038,1,0,0:0:0:0:
320,192,128079,1,0,0:0:0:0:
192,192,128119,1,0,0:0:0:0:
64,192,128160,1,0,0:0:0:0:
448,192,128160,1,0,0:0:0:0:
320,192,128200,1,0,0:0:0:0:
192,192,128241,1,0,0:0:0:0:
448,192,128281,1,0,0:0:0:0:
320,192,128322,1,0,0:0:0:0:
64,192,128362,1,0,0:0:0:0:
448,192,128403,1,0,0:0:0:0:
192,192,128443,1,0,0:0:0:0:
64,192,128484,1,0,0:0:0:0:
320,192,128525,1,0,0:0:0:0:
448,192,128565,1,0,0:0:0:0:
192,192,128606,1,0,0:0:0:0:
64,192,128646,1,0,0:0:0:0:
320,192,128687,1,0,0:0:0:0:
448,192,128727,1,0,0:0:0:0:
64,192,128808,1,0,0:0:0:0:
192,192,128808,1,0,0:0:0:0:
448,192,128849,1,0,0:0:0:0:
320,192,128889,1,0,0:0:0:0:
64,192,128930,1,0,0:0:0:0:
192,192,128970,1,0,0:0:0:0:
448,192,129011,1,0,0:0:0:0:
320,192,129051,1,0,0:0:0:0:
64,192,129092,1,0,0:0:0:0:
448,192,129133,1,0,0:0:0:0:
192,192,129173,1,0,0:0:0:0:
64,192,129214,1,0,0:0:0:0:
320,192,129254,1,0,0:0:0:0:
448,192,129295,1,0,0:0:0:0:
192,192,129335,1,0,0:0:0:0:
64,192,129376,1,0,0:0:0:0:
320,192,129457,1,0,0:0:0:0:
448,192,129457,1,0,0:0:0:0:
64,192,129497,1,0,0:0:0:0:
192,192,129538,1,0,0:0:0:0:
320,192,129578,1,0,0:0:0:0:
64,192,129619,1,0,0:0:0:0:
448,192,129660,1,0,0:0:0:0:
192,192,129700,1,0,0:0:0:0:
320,192,129741,1,0,0:0:0:0:
64,192,129781,1,0,0:0:0:0:
448,192,129781,1,0,0:0:0:0:
192,192,129822,1,0,0:0:0:0:
320,192,129862,1,0,0:0:0:0:
64,192,129903,1,0,0:0:0:0:
192,192,129943,1,0,0:0:0:0:
448,192,129984,1,0,0:0:0:0:
64,192,130024,1,0,0:0:0:0:
192,192,130065,1,0,0:0:0:0:
320,192,130105,1,0,0:0:0:0:
448,192,130105,1,0,0:0:0:0:
192,192,130146,1,0,0:0:0:0:
64,192,130186,1,0,0:0:0:0:
320,192,130227,1,0,0:0:0:0:
448,192,130268,1,0,0:0:0:0:
192,192,130308,1,0,0:0:0:0:
64,192,130349,1,0,0:0:0:0:
320,192,130389,1,0,0:0:0:0:
192,192,130430,1,0,0:0:0:0:
64,192,130470,1,0,0:0:0:0:
448,192,130511,1,0,0:0:0:0:
320,192,130551,1,0,0:0:0:0:
64,192,130592,1,0,0:0:0:0:
192,192,130632,1,0,0:0:0:0:
320,192,130673,1,0,0:0:0:0:
192,192,130713,1,0,0:0:0:0:
64,192,130754,1,0,0:0:0:0:
448,192,130754,1,0,0:0:0:0:
320,192,130795,1,0,0:0:0:0:
192,192,130835,1,0,0:0:0:0:
448,192,130876,1,0,0:0:0:0:
64,192,130916,1,0,0:0:0:0:
320,192,130957,1,0,0:0:0:0:
192,192,130997,1,0,0:0:0:0:
64,192,131038,1,0,0:0:0:0:
448,192,131078,1,0,0:0:0:0:
192,192,131119,1,0,0:0:0:0:
320,192,131159,1,0,0:0:0:0:
64,192,131200,1,0,0:0:0:0:
448,192,131240,1,0,0:0:0:0:
192,192,131281,1,0,0:0:0:0:
320,192,131321,1,0,0:0:0:0:
64,192,131403,1,0,0:0:0:0:
192,192,131403,1,0,0:0:0:0:
448,192,131484,1,0,0:0:0:0:
64,192,131565,1,0,0:0:0:0:
448,192,131646,1,0,0:0:0:0:
64,192,131727,1,0,0:0:0:0:
192,192,131808,1,0,0:0:0:0:
320,192,131889,1,0,0:0:0:0:
192,192,131970,1,0,0:0:0:0:
320,192,132051,1,0,0:0:0:0:
448,192,132051,1,0,0:0:0:0:
64,192,132132,1,0,0:0:0:0:
448,192,132213,1,0,0:0:0:0:
64,192,132294,1,0,0:0:0:0:
448,192,132375,1,0,0:0:0:0:
320,192,132416,1,0,0:0:0:0:
192,192,132457,1,0,0:0:0:0:
64,192,132497,1,0,0:0:0:0:
320,192,132538,1,0,0:0:0:0:
448,192,132578,1,0,0:0:0:0:
192,192,132619,1,0,0:0:0:0:
64,192,132659,1,0,0:0:0:0:
320,192,132700,1,0,0:0:0:0:
448,192,132700,1,0,0:0:0:0:
192,192,132740,1,0,0:0:0:0:
64,192,132781,1,0,0:0:0:0:
320,192,132821,1,0,0:0:0:0:
192,192,132862,1,0,0:0:0:0:
448,192,132902,1,0,0:0:0:0:
320,192,132943,1,0,0:0:0:0:
64,192,132983,1,0,0:0:0:0:
448,192,133024,1,0,0:0:0:0:
192,192,133065,1,0,0:0:0:0:
320,192,133105,1,0,0:0:0:0:
64,192,133146,1,0,0:0:0:0:
192,192,133186,1,0,0:0:0:0:
448,192,133227,1,0,0:0:0:0:
64,192,133267,1,0,0:0:0:0:
192,192,133308,1,0,0:0:0:0:
320,192,133348,1,0,0:0:0:0:
448,192,133348,1,0,0:0:0:0:
64,192,133389,1,0,0:0:0:0:
192,192,133429,1,0,0:0:0:0:
320,192,133470,1,0,0:0:0:0:
64,192,133510,1,0,0:0:0:0:
192,192,133551,1,0,0:0:0:0:
448,192,133592,1,0,0:0:0:0:
64,192,133632,1,0,0:0:0:0:
320,192,133673,1,0,0:0:0:0:
448,192,133713,1,0,0:0:0:0:
192,192,133754,1,0,0:0:0:0:
320,192,133794,1,0,0:0:0:0:
64,192,133835,1,0,0:0:0:0:
448,192,133875,1,0,0:0:0:0:
192,192,133916,1,0,0:0:0:0:
64,192,133956,1,0,0:0:0:0:
320,192,133997,1,0,0:0:0:0:
448,192,133997,1,0,0:0:0:0:
64,192,134078,1,0,0:0:0:0:
448,192,134159,1,0,0:0:0:0:
192,192,134240,1,0,0:0:0:0:
320,192,134321,1,0,0:0:0:0:
64,192,134402,1,0,0:0:0:0:
192,192,134483,1,0,0:0:0:0:
320,192,134564,1,0,0:0:0:0:
64,192,134645,1,0,0:0:0:0:
448,192,134645,1,0,0:0:0:0:
192,192,134727,1,0,0:0:0:0:
320,192,134808,1,0,0:0:0:0:
448,192,134889,1,0,0:0:0:0:
192,192,134970,1,0,0:0:0:0:
64,192,135010,1,0,0:0:0:0:
320,192,135051,1,0,0:0:0:0:
448,192,135091,1,0,0:0:0:0:
64,192,135132,1,0,0:0:0:0:
320,192,135172,1,0,0:0:0:0:
192,192,135213,1,0,0:0:0:0:
64,192,135254,1,0,0:0:0:0:
320,192,135294,1,0,0:0:0:0:
448,192,135294,1,0,0:0:0:0:
192,192,135335,1,0,0:0:0:0:
64,192,135375,1,0,0:0:0:0:
320,192,135416,1,0,0:0:0:0:
192,192,135456,1,0,0:0:0:0:
448,192,135497,1,0,0:0:0:0:
64,192,135537,1,0,0:0:0:0:
320,192,135578,1,0,0:0:0:0:
448,192,135618,1,0,0:0:0:0:
192,192,135659,1,0,0:0:0:0:
320,192,135699,1,0,0:0:0:0:
64,192,135740,1,0,0:0:0:0:
448,192,135780,1,0,0:0:0:0:
192,192,135821,1,0,0:0:0:0:
64,192,135862,1,0,0:0:0:0:
448,192,135902,1,0,0:0:0:0:
192,192,135943,1,0,0:0:0:0:
320,192,135943,1,0,0:0:0:0:
64,192,135983,1,0,0:0:0:0:
448,192,136024,1,0,0:0:0:0:
192,192,136064,1,0,0:0:0:0:
320,192,136105,1,0,0:0:0:0:
64,192,136145,1,0,0:0:0:0:
192,192,136186,1,0,0:0:0:0:
448,192,136226,1,0,0:0:0:0:
64,192,136267,1,0,0:0:0:0:
320,192,136307,1,0,0:0:0:0:
448,192,136348,1,0,0:0:0:0:
192,192,136389,1,0,0:0:0:0:
320,192,136429,1,0,0:0:0:0:
64,192,136470,1,0,0:0:0:0:
192,192,136510,1,0,0:0:0:0:
320,192,136551,1,0,0:0:0:0:
64,192,136591,1,0,0:0:0:0:
448,192,136591,1,0,0:0:0:0:
320,192,136672,1,0,0:0:0:0:
192,192,136753,1,0,0:0:0:0:
320,192,136834,1,0,0:0:0:0:
192,192,136915,1,0,0:0:0:0:
448,192,136997,1,0,0:0:0:0:
320,192,137078,1,0,0:0:0:0:
448,192,137159,1,0,0:0:0:0:
64,192,137240,1,0,0:0:0:0:
320,192,137240,1,0,0:0:0:0:
192,192,137321,1,0,0:0:0:0:
320,192,137402,1,0,0:0:0:0:
448,192,137483,1,0,0:0:0:0:
64,192,137564,1,0,0:0:0:0:
320,192,137605,1,0,0:0:0:0:
192,192,137645,1,0,0:0:0:0:
448,192,137686,1,0,0:0:0:0:
64,192,137726,1,0,0:0:0:0:
320,192,137767,1,0,0:0:0:0:
192,192,137807,1,0,0:0:0:0:
64,192,137848,1,0,0:0:0:0:
320,192,137888,1,0,0:0:0:0:
448,192,137888,1,0,0:0:0:0:
192,192,137929,1,0,0:0:0:0:
64,192,137969,1,0,0:0:0:0:
320,192,138010,1,0,0:0:0:0:
448,192,138050,1,0,0:0:0:0:
192,192,138091,1,0,0:0:0:0:
320,192,138132,1,0,0:0:0:0:
64,192,138172,1,0,0:0:0:0:
192,192,138213,1,0,0:0:0:0:
320,192,138253,1,0,0:0:0:0:
64,192,138294,1,0,0:0:0:0:
192,192,138334,1,0,0:0:0:0:
448,192,138375,1,0,0:0:0:0:
64,192,138415,1,0,0:0:0:0:
320,192,138456,1,0,0:0:0:0:
448,192,138496,1,0,0:0:0:0:
64,192,138537,1,0,0:0:0:0:
192,192,138537,1,0,0:0:0:0:
320,192,138618,1,0,0:0:0:0:
192,192,138659,1,0,0:0:0:0:
448,192,138699,1,0,0:0:0:0:
320,192,138740,1,0,0:0:0:0:
64,192,138780,1,0,0:0:0:0:
448,192,138821,1,0,0:0:0:0:
192,192,138861,1,0,0:0:0:0:
64,192,138902,1,0,0:0:0:0:
320,192,138942,1,0,0:0:0:0:
448,192,138983,1,0,0:0:0:0:
192,192,139023,1,0,0:0:0:0:
320,192,139064,1,0,0:0:0:0:
64,192,139104,1,0,0:0:0:0:
192,192,139145,1,0,0:0:0:0:
320,192,139186,1,0,0:0:0:0:
448,192,139186,1,0,0:0:0:0:
64,192,139267,1,0,0:0:0:0:
448,192,139348,1,0,0:0:0:0:
64,192,139429,1,0,0:0:0:0:
192,192,139510,1,0,0:0:0:0:
320,192,139591,1,0,0:0:0:0:
64,192,139672,1,0,0:0:0:0:
192,192,139672,1,0,0:0:0:0:
320,192,139753,1,0,0:0:0:0:
64,192,139834,1,0,0:0:0:0:
448,192,139834,1,0,0:0:0:0:
320,192,140158,1,0,0:0:0:0:
320,192,140239,1,0,0:0:0:0:
448,192,140483,1,0,0:0:0:0:
448,192,140564,1,0,0:0:0:0:
192,192,140645,1,0,0:0:0:0:
192,192,140726,1,0,0:0:0:0:
64,192,140969,1,0,0:0:0:0:
64,192,141050,1,0,0:0:0:0:
320,192,141131,1,0,0:0:0:0:
320,192,141212,1,0,0:0:0:0:
320,192,141293,1,0,0:0:0:0:
320,192,141374,1,0,0:0:0:0:
64,192,141456,1,0,0:0:0:0:
64,192,141537,1,0,0:0:0:0:
320,192,141618,1,0,0:0:0:0:
320,192,141699,1,0,0:0:0:0:
192,192,141780,1,0,0:0:0:0:
192,192,141861,1,0,0:0:0:0:
320,192,141942,1,0,0:0:0:0:
320,192,142023,1,0,0:0:0:0:
64,192,142104,1,0,0:0:0:0:
64,192,142185,1,0,0:0:0:0:
448,192,142266,1,0,0:0:0:0:
448,192,142347,1,0,0:0:0:0:
192,192,142591,1,0,0:0:0:0:
192,192,142672,1,0,0:0:0:0:
320,192,142753,1,0,0:0:0:0:
320,192,142834,1,0,0:0:0:0:
448,192,142915,1,0,0:0:0:0:
448,192,142996,1,0,0:0:0:0:
64,192,143077,1,0,0:0:0:0:
192,192,143077,1,0,0:0:0:0:
320,192,143158,1,0,0:0:0:0:
192,192,143239,1,0,0:0:0:0:
448,192,143239,1,0,0:0:0:0:
64,192,143320,1,0,0:0:0:0:
320,192,143401,1,0,0:0:0:0:
448,192,143401,1,0,0:0:0:0:
192,192,143482,1,0,0:0:0:0:
64,192,143563,1,0,0:0:0:0:
448,192,143563,1,0,0:0:0:0:
320,192,143644,1,0,0:0:0:0:
64,192,143726,1,0,0:0:0:0:
448,192,143726,1,0,0:0:0:0:
192,192,143807,1,0,0:0:0:0:
320,192,143888,1,0,0:0:0:0:
448,192,143888,1,0,0:0:0:0:
64,192,143969,1,0,0:0:0:0:
192,192,144050,1,0,0:0:0:0:
320,192,144050,1,0,0:0:0:0:
448,192,144131,1,0,0:0:0:0:
64,192,144212,1,0,0:0:0:0:
192,192,144212,1,0,0:0:0:0:
320,192,144293,1,0,0:0:0:0:
64,192,144374,1,0,0:0:0:0:
448,192,144374,1,0,0:0:0:0:
192,192,144455,1,0,0:0:0:0:
64,192,144536,1,0,0:0:0:0:
320,192,144536,1,0,0:0:0:0:
192,192,144617,1,0,0:0:0:0:
320,192,144698,1,0,0:0:0:0:
448,192,144698,1,0,0:0:0:0:
192,192,144779,1,0,0:0:0:0:
64,192,144861,1,0,0:0:0:0:
320,192,144861,1,0,0:0:0:0:
448,192,144942,1,0,0:0:0:0:
64,192,145023,1,0,0:0:0:0:
192,192,145023,1,0,0:0:0:0:
448,192,145104,1,0,0:0:0:0:
192,192,145185,1,0,0:0:0:0:
320,192,145185,1,0,0:0:0:0:
64,192,145266,1,0,0:0:0:0:
320,192,145347,1,0,0:0:0:0:
448,192,145347,1,0,0:0:0:0:
320,192,145428,1,0,0:0:0:0:
448,192,145671,1,0,0:0:0:0:
448,192,145752,1,0,0:0:0:0:
192,192,145833,1,0,0:0:0:0:
192,192,145915,1,0,0:0:0:0:
64,192,146158,1,0,0:0:0:0:
64,192,146239,1,0,0:0:0:0:
320,192,146320,1,0,0:0:0:0:
320,192,146401,1,0,0:0:0:0:
320,192,146482,1,0,0:0:0:0:
320,192,146563,1,0,0:0:0:0:
192,192,146644,1,0,0:0:0:0:
192,192,146725,1,0,0:0:0:0:
448,192,146806,1,0,0:0:0:0:
448,192,146887,1,0,0:0:0:0:
64,192,146968,1,0,0:0:0:0:
64,192,147050,1,0,0:0:0:0:
320,192,147131,1,0,0:0:0:0:
320,192,147212,1,0,0:0:0:0:
192,192,147293,1,0,0:0:0:0:
192,192,147374,1,0,0:0:0:0:
320,192,147455,1,0,0:0:0:0:
320,192,147536,1,0,0:0:0:0:
448,192,147617,1,0,0:0:0:0:
448,192,147698,1,0,0:0:0:0:
64,192,147779,1,0,0:0:0:0:
64,192,147860,1,0,0:0:0:0:
192,192,147941,1,0,0:0:0:0:
192,192,148022,1,0,0:0:0:0:
320,192,148103,1,0,0:0:0:0:
320,192,148185,1,0,0:0:0:0:
64,192,148266,1,0,0:0:0:0:
448,192,148266,1,0,0:0:0:0:
192,192,148347,1,0,0:0:0:0:
320,192,148428,1,0,0:0:0:0:
448,192,148428,1,0,0:0:0:0:
192,192,148509,1,0,0:0:0:0:
64,192,148590,1,0,0:0:0:0:
448,192,148590,1,0,0:0:0:0:
192,192,148671,1,0,0:0:0:0:
64,192,148752,1,0,0:0:0:0:
320,192,148752,1,0,0:0:0:0:
448,192,148833,1,0,0:0:0:0:
64,192,148914,1,0,0:0:0:0:
192,192,148914,1,0,0:0:0:0:
320,192,148995,1,0,0:0:0:0:
192,192,149076,1,0,0:0:0:0:
448,192,149076,1,0,0:0:0:0:
64,192,149157,1,0,0:0:0:0:
192,192,149238,1,0,0:0:0:0:
320,192,149238,1,0,0:0:0:0:
448,192,149320,1,0,0:0:0:0:
64,192,149401,1,0,0:0:0:0:
192,192,149401,1,0,0:0:0:0:
320,192,149482,1,0,0:0:0:0:
64,192,149563,1,0,0:0:0:0:
448,192,149563,1,0,0:0:0:0:
192,192,149644,1,0,0:0:0:0:
320,192,149725,1,0,0:0:0:0:
448,192,149725,1,0,0:0:0:0:
192,192,149806,1,0,0:0:0:0:
64,192,149887,1,0,0:0:0:0:
448,192,149887,1,0,0:0:0:0:
320,192,149968,1,0,0:0:0:0:
64,192,150049,1,0,0:0:0:0:
192,192,150049,1,0,0:0:0:0:
320,192,150130,1,0,0:0:0:0:
192,192,150211,1,0,0:0:0:0:
448,192,150211,1,0,0:0:0:0:
64,192,150292,1,0,0:0:0:0:
320,192,150373,1,0,0:0:0:0:
448,192,150373,1,0,0:0:0:0:
192,192,150455,1,0,0:0:0:0:
64,192,150536,1,0,0:0:0:0:
320,192,150536,1,0,0:0:0:0:
320,192,150617,1,0,0:0:0:0:
448,192,150860,1,0,0:0:0:0:
448,192,150941,1,0,0:0:0:0:
320,192,151022,1,0,0:0:0:0:
320,192,151103,1,0,0:0:0:0:
192,192,151346,1,0,0:0:0:0:
192,192,151427,1,0,0:0:0:0:
320,192,151509,1,0,0:0:0:0:
320,192,151590,1,0,0:0:0:0:
320,192,151671,1,0,0:0:0:0:
320,192,151752,1,0,0:0:0:0:
64,192,151833,1,0,0:0:0:0:
64,192,151914,1,0,0:0:0:0:
192,192,151995,1,0,0:0:0:0:
192,192,152076,1,0,0:0:0:0:
320,192,152157,1,0,0:0:0:0:
320,192,152238,1,0,0:0:0:0:
64,192,152319,1,0,0:0:0:0:
64,192,152400,1,0,0:0:0:0:
192,192,152481,1,0,0:0:0:0:
192,192,152562,1,0,0:0:0:0:
320,192,152644,1,0,0:0:0:0:
320,192,152725,1,0,0:0:0:0:
64,192,152806,1,0,0:0:0:0:
448,192,152806,1,0,0:0:0:0:
192,192,152887,1,0,0:0:0:0:
320,192,152887,1,0,0:0:0:0:
64,192,152968,1,0,0:0:0:0:
448,192,152968,1,0,0:0:0:0:
192,192,153049,1,0,0:0:0:0:
320,192,153049,1,0,0:0:0:0:
64,192,153130,1,0,0:0:0:0:
448,192,153130,1,0,0:0:0:0:
192,192,153211,1,0,0:0:0:0:
320,192,153211,1,0,0:0:0:0:
64,192,153292,1,0,0:0:0:0:
448,192,153292,1,0,0:0:0:0:
192,192,153373,1,0,0:0:0:0:
64,192,153454,1,0,0:0:0:0:
320,192,153454,1,0,0:0:0:0:
192,192,153535,1,0,0:0:0:0:
448,192,153535,1,0,0:0:0:0:
64,192,153616,1,0,0:0:0:0:
320,192,153616,1,0,0:0:0:0:
192,192,153697,1,0,0:0:0:0:
448,192,153697,1,0,0:0:0:0:
64,192,153779,1,0,0:0:0:0:
320,192,153779,1,0,0:0:0:0:
192,192,153860,1,0,0:0:0:0:
448,192,153860,1,0,0:0:0:0:
64,192,153941,1,0,0:0:0:0:
320,192,153941,1,0,0:0:0:0:
448,192,154022,1,0,0:0:0:0:
64,192,154103,1,0,0:0:0:0:
192,192,154103,1,0,0:0:0:0:
320,192,154184,1,0,0:0:0:0:
448,192,154184,1,0,0:0:0:0:
64,192,154265,1,0,0:0:0:0:
192,192,154265,1,0,0:0:0:0:
320,192,154346,1,0,0:0:0:0:
448,192,154346,1,0,0:0:0:0:
64,192,154427,1,0,0:0:0:0:
192,192,154427,1,0,0:0:0:0:
320,192,154508,1,0,0:0:0:0:
448,192,154508,1,0,0:0:0:0:
64,192,154589,1,0,0:0:0:0:
192,192,154589,1,0,0:0:0:0:
448,192,154670,1,0,0:0:0:0:
192,192,154751,1,0,0:0:0:0:
320,192,154751,1,0,0:0:0:0:
64,192,154832,1,0,0:0:0:0:
448,192,154832,1,0,0:0:0:0:
192,192,154914,1,0,0:0:0:0:
320,192,154914,1,0,0:0:0:0:
64,192,154995,1,0,0:0:0:0:
448,192,154995,1,0,0:0:0:0:
192,192,155076,1,0,0:0:0:0:
320,192,155076,1,0,0:0:0:0:
64,192,155157,1,0,0:0:0:0:
448,192,155157,1,0,0:0:0:0:
192,192,155238,1,0,0:0:0:0:
320,192,155238,1,0,0:0:0:0:
64,192,155319,1,0,0:0:0:0:
448,192,155319,1,0,0:0:0:0:
192,192,155400,1,0,0:0:0:0:
320,192,155400,1,0,0:0:0:0:
64,192,155481,1,0,0:0:0:0:
448,192,155481,1,0,0:0:0:0:
192,192,155562,1,0,0:0:0:0:
320,192,155562,1,0,0:0:0:0:
64,192,155643,1,0,0:0:0:0:
448,192,155643,1,0,0:0:0:0:
192,192,155724,1,0,0:0:0:0:
320,192,155724,1,0,0:0:0:0:
320,192,155805,1,0,0:0:0:0:
448,192,156049,1,0,0:0:0:0:
448,192,156130,1,0,0:0:0:0:
192,192,156211,1,0,0:0:0:0:
192,192,156292,1,0,0:0:0:0:
320,192,156535,1,0,0:0:0:0:
320,192,156616,1,0,0:0:0:0:
448,192,156697,1,0,0:0:0:0:
448,192,156778,1,0,0:0:0:0:
448,192,156859,1,0,0:0:0:0:
448,192,156940,1,0,0:0:0:0:
64,192,157021,1,0,0:0:0:0:
64,192,157102,1,0,0:0:0:0:
320,192,157184,1,0,0:0:0:0:
320,192,157265,1,0,0:0:0:0:
192,192,157346,1,0,0:0:0:0:
192,192,157427,1,0,0:0:0:0:
448,192,157508,1,0,0:0:0:0:
448,192,157589,1,0,0:0:0:0:
64,192,157670,1,0,0:0:0:0:
64,192,157751,1,0,0:0:0:0:
192,192,157832,1,0,0:0:0:0:
192,192,157913,1,0,0:0:0:0:
320,192,157994,1,0,0:0:0:0:
448,192,157994,1,0,0:0:0:0:
64,192,158075,1,0,0:0:0:0:
192,192,158156,1,0,0:0:0:0:
448,192,158156,1,0,0:0:0:0:
320,192,158238,1,0,0:0:0:0:
192,192,158319,1,0,0:0:0:0:
448,192,158319,1,0,0:0:0:0:
64,192,158400,1,0,0:0:0:0:
320,192,158481,1,0,0:0:0:0:
448,192,158481,1,0,0:0:0:0:
192,192,158562,1,0,0:0:0:0:
64,192,158643,1,0,0:0:0:0:
320,192,158643,1,0,0:0:0:0:
448,192,158643,1,0,0:0:0:0:
192,192,158724,1,0,0:0:0:0:
320,192,158805,1,0,0:0:0:0:
448,192,158805,1,0,0:0:0:0:
64,192,158886,1,0,0:0:0:0:
192,192,158967,1,0,0:0:0:0:
320,192,158967,1,0,0:0:0:0:
448,192,159048,1,0,0:0:0:0:
64,192,159129,1,0,0:0:0:0:
320,192,159129,1,0,0:0:0:0:
192,192,159210,1,0,0:0:0:0:
64,192,159291,1,0,0:0:0:0:
320,192,159291,1,0,0:0:0:0:
448,192,159291,1,0,0:0:0:0:
192,192,159373,1,0,0:0:0:0:
64,192,159454,1,0,0:0:0:0:
448,192,159454,1,0,0:0:0:0:
320,192,159535,1,0,0:0:0:0:
64,192,159616,1,0,0:0:0:0:
192,192,159616,1,0,0:0:0:0:
320,192,159697,1,0,0:0:0:0:
64,192,159778,1,0,0:0:0:0:
192,192,159778,1,0,0:0:0:0:
320,192,159859,1,0,0:0:0:0:
64,192,159940,1,0,0:0:0:0:
192,192,159940,1,0,0:0:0:0:
448,192,159940,1,0,0:0:0:0:
320,192,160021,1,0,0:0:0:0:
64,192,160102,1,0,0:0:0:0:
448,192,160102,1,0,0:0:0:0:
192,192,160183,1,0,0:0:0:0:
320,192,160264,1,0,0:0:0:0:
448,192,160264,1,0,0:0:0:0:
192,192,160305,1,0,0:0:0:0:
64,192,160345,1,0,0:0:0:0:
448,192,160386,1,0,0:0:0:0:
320,192,160426,1,0,0:0:0:0:
192,192,160467,1,0,0:0:0:0:
64,192,160508,1,0,0:0:0:0:
448,192,160548,1,0,0:0:0:0:
192,192,160589,1,0,0:0:0:0:
320,192,160589,1,0,0:0:0:0:
64,192,160670,1,0,0:0:0:0:
192,192,160751,1,0,0:0:0:0:
320,192,160832,1,0,0:0:0:0:
64,192,160913,1,0,0:0:0:0:
448,192,160913,1,0,0:0:0:0:
192,192,160953,1,0,0:0:0:0:
320,192,160994,1,0,0:0:0:0:
448,192,161035,1,0,0:0:0:0:
64,192,161075,1,0,0:0:0:0:
192,192,161116,1,0,0:0:0:0:
320,192,161156,1,0,0:0:0:0:
448,192,161197,1,0,0:0:0:0:
64,192,161237,1,0,0:0:0:0:
192,192,161237,1,0,0:0:0:0:
320,192,161318,1,0,0:0:0:0:
448,192,161399,1,0,0:0:0:0:
320,192,161440,1,0,0:0:0:0:
192,192,161480,1,0,0:0:0:0:
64,192,161521,1,0,0:0:0:0:
320,192,161561,1,0,0:0:0:0:
448,192,161561,1,0,0:0:0:0:
192,192,161643,1,0,0:0:0:0:
64,192,161724,1,0,0:0:0:0:
448,192,161724,1,0,0:0:0:0:
192,192,161764,1,0,0:0:0:0:
320,192,161805,1,0,0:0:0:0:
448,192,161845,1,0,0:0:0:0:
64,192,161886,1,0,0:0:0:0:
192,192,161886,1,0,0:0:0:0:
320,192,161926,1,0,0:0:0:0:
448,192,161967,1,0,0:0:0:0:
64,192,162007,1,0,0:0:0:0:
192,192,162048,1,0,0:0:0:0:
320,192,162088,1,0,0:0:0:0:
448,192,162129,1,0,0:0:0:0:
192,192,162170,1,0,0:0:0:0:
64,192,162210,1,0,0:0:0:0:
448,192,162251,1,0,0:0:0:0:
320,192,162291,1,0,0:0:0:0:
192,192,162332,1,0,0:0:0:0:
64,192,162372,1,0,0:0:0:0:
448,192,162413,1,0,0:0:0:0:
320,192,162453,1,0,0:0:0:0:
64,192,162494,1,0,0:0:0:0:
192,192,162534,1,0,0:0:0:0:
448,192,162615,1,0,0:0:0:0:
192,192,162696,1,0,0:0:0:0:
320,192,162696,1,0,0:0:0:0:
192,192,162778,1,0,0:0:0:0:
320,192,162778,1,0,0:0:0:0:
64,192,162859,1,0,0:0:0:0:
192,192,162899,1,0,0:0:0:0:
448,192,162940,1,0,0:0:0:0:
320,192,162980,1,0,0:0:0:0:
64,192,163021,1,0,0:0:0:0:
192,192,163021,1,0,0:0:0:0:
64,192,163102,1,0,0:0:0:0:
192,192,163102,1,0,0:0:0:0:
320,192,163183,1,0,0:0:0:0:
448,192,163183,1,0,0:0:0:0:
320,192,163264,1,0,0:0:0:0:
448,192,163264,1,0,0:0:0:0:
64,192,163345,1,0,0:0:0:0:
192,192,163426,1,0,0:0:0:0:
320,192,163507,1,0,0:0:0:0:
448,192,163507,1,0,0:0:0:0:
64,192,163588,1,0,0:0:0:0:
448,192,163669,1,0,0:0:0:0:
320,192,163750,1,0,0:0:0:0:
64,192,163832,1,0,0:0:0:0:
192,192,163832,1,0,0:0:0:0:
320,192,163913,1,0,0:0:0:0:
64,192,163994,1,0,0:0:0:0:
448,192,163994,1,0,0:0:0:0:
192,192,164075,1,0,0:0:0:0:
320,192,164156,1,0,0:0:0:0:
448,192,164156,1,0,0:0:0:0:
64,192,164237,1,0,0:0:0:0:
192,192,164237,1,0,0:0:0:0:
320,192,164318,1,0,0:0:0:0:
448,192,164318,1,0,0:0:0:0:
64,192,164399,1,0,0:0:0:0:
192,192,164399,1,0,0:0:0:0:
320,192,164480,1,0,0:0:0:0:
448,192,164480,1,0,0:0:0:0:
192,192,164561,1,0,0:0:0:0:
64,192,164642,1,0,0:0:0:0:
448,192,164723,1,0,0:0:0:0:
192,192,164804,1,0,0:0:0:0:
320,192,164804,1,0,0:0:0:0:
64,192,164885,1,0,0:0:0:0:
448,192,164885,1,0,0:0:0:0:
192,192,164967,1,0,0:0:0:0:
320,192,164967,1,0,0:0:0:0:
64,192,165048,1,0,0:0:0:0:
448,192,165048,1,0,0:0:0:0:
192,192,165129,1,0,0:0:0:0:
320,192,165129,1,0,0:0:0:0:
64,192,165210,1,0,0:0:0:0:
192,192,165291,1,0,0:0:0:0:
448,192,165291,1,0,0:0:0:0:
320,192,165372,1,0,0:0:0:0:
64,192,165453,1,0,0:0:0:0:
448,192,165453,1,0,0:0:0:0:
192,192,165534,1,0,0:0:0:0:
64,192,165615,1,0,0:0:0:0:
320,192,165615,1,0,0:0:0:0:
448,192,165696,1,0,0:0:0:0:
64,192,165777,1,0,0:0:0:0:
192,192,165777,1,0,0:0:0:0:
320,192,165858,1,0,0:0:0:0:
448,192,165858,1,0,0:0:0:0:
64,192,165939,1,0,0:0:0:0:
192,192,165939,1,0,0:0:0:0:
448,192,166020,1,0,0:0:0:0:
192,192,166102,1,0,0:0:0:0:
320,192,166102,1,0,0:0:0:0:
64,192,166142,1,0,0:0:0:0:
448,192,166183,1,0,0:0:0:0:
192,192,166264,1,0,0:0:0:0:
320,192,166264,1,0,0:0:0:0:
64,192,166345,1,0,0:0:0:0:
320,192,166426,1,0,0:0:0:0:
448,192,166426,1,0,0:0:0:0:
64,192,166466,1,0,0:0:0:0:
192,192,166507,1,0,0:0:0:0:
320,192,166547,1,0,0:0:0:0:
448,192,166588,1,0,0:0:0:0:
64,192,166628,1,0,0:0:0:0:
192,192,166669,1,0,0:0:0:0:
320,192,166710,1,0,0:0:0:0:
64,192,166750,1,0,0:0:0:0:
448,192,166750,1,0,0:0:0:0:
192,192,166791,1,0,0:0:0:0:
320,192,166831,1,0,0:0:0:0:
448,192,166872,1,0,0:0:0:0:
64,192,166912,1,0,0:0:0:0:
192,192,166953,1,0,0:0:0:0:
320,192,166993,1,0,0:0:0:0:
448,192,167034,1,0,0:0:0:0:
64,192,167074,1,0,0:0:0:0:
192,192,167074,1,0,0:0:0:0:
448,192,167155,1,0,0:0:0:0:
320,192,167237,1,0,0:0:0:0:
64,192,167277,1,0,0:0:0:0:
192,192,167318,1,0,0:0:0:0:
320,192,167358,1,0,0:0:0:0:
64,192,167399,1,0,0:0:0:0:
448,192,167399,1,0,0:0:0:0:
192,192,167480,1,0,0:0:0:0:
320,192,167480,1,0,0:0:0:0:
64,192,167561,1,0,0:0:0:0:
448,192,167561,1,0,0:0:0:0:
192,192,167642,1,0,0:0:0:0:
320,192,167642,1,0,0:0:0:0:
64,192,167723,1,0,0:0:0:0:
448,192,167723,1,0,0:0:0:0:
320,192,167764,1,0,0:0:0:0:
192,192,167804,1,0,0:0:0:0:
448,192,167845,1,0,0:0:0:0:
320,192,167885,1,0,0:0:0:0:
192,192,167926,1,0,0:0:0:0:
448,192,167966,1,0,0:0:0:0:
320,192,168007,1,0,0:0:0:0:
64,192,168047,1,0,0:0:0:0:
192,192,168047,1,0,0:0:0:0:
448,192,168128,1,0,0:0:0:0:
64,192,168209,1,0,0:0:0:0:
192,192,168209,1,0,0:0:0:0:
320,192,168250,1,0,0:0:0:0:
448,192,168290,1,0,0:0:0:0:
64,192,168372,1,0,0:0:0:0:
192,192,168372,1,0,0:0:0:0:
320,192,168372,1,0,0:0:0:0:
448,192,168453,1,0,0:0:0:0:
64,192,168534,1,0,0:0:0:0:
192,192,168534,1,0,0:0:0:0:
448,192,168574,1,0,0:0:0:0:
320,192,168615,1,0,0:0:0:0:
64,192,168696,1,0,0:0:0:0:
192,192,168696,1,0,0:0:0:0:
448,192,168777,1,0,0:0:0:0:
192,192,168858,1,0,0:0:0:0:
320,192,168858,1,0,0:0:0:0:
64,192,168899,1,0,0:0:0:0:
448,192,168939,1,0,0:0:0:0:
192,192,169020,1,0,0:0:0:0:
320,192,169020,1,0,0:0:0:0:
64,192,169101,1,0,0:0:0:0:
192,192,169182,1,0,0:0:0:0:
320,192,169182,1,0,0:0:0:0:
448,192,169223,1,0,0:0:0:0:
64,192,169263,1,0,0:0:0:0:
192,192,169344,1,0,0:0:0:0:
320,192,169344,1,0,0:0:0:0:
64,192,169425,1,0,0:0:0:0:
448,192,169425,1,0,0:0:0:0:
192,192,169507,1,0,0:0:0:0:
320,192,169507,1,0,0:0:0:0:
64,192,169588,1,0,0:0:0:0:
448,192,169588,1,0,0:0:0:0:
192,192,169669,1,0,0:0:0:0:
320,192,169669,1,0,0:0:0:0:
448,192,169750,1,0,0:0:0:0:
64,192,169831,1,0,0:0:0:0:
192,192,169912,1,0,0:0:0:0:
320,192,169993,1,0,0:0:0:0:
448,192,169993,1,0,0:0:0:0:
64,192,170074,1,0,0:0:0:0:
192,192,170074,1,0,0:0:0:0:
320,192,170155,1,0,0:0:0:0:
448,192,170155,1,0,0:0:0:0:
192,192,170236,1,0,0:0:0:0:
64,192,170317,1,0,0:0:0:0:
320,192,170317,1,0,0:0:0:0:
448,192,170317,1,0,0:0:0:0:
192,192,170398,1,0,0:0:0:0:
320,192,170479,1,0,0:0:0:0:
448,192,170479,1,0,0:0:0:0:
64,192,170561,1,0,0:0:0:0:
192,192,170561,1,0,0:0:0:0:
320,192,170642,1,0,0:0:0:0:
448,192,170642,1,0,0:0:0:0:
192,192,170723,1,0,0:0:0:0:
64,192,170804,1,0,0:0:0:0:
320,192,170804,1,0,0:0:0:0:
448,192,170804,1,0,0:0:0:0:
64,192,170966,1,0,0:0:0:0:
192,192,170966,1,0,0:0:0:0:
320,192,170966,1,0,0:0:0:0:
448,192,170966,1,0,0:0:0:0:
