osu file format v14

[General]
AudioFilename: Tribullets - Fantom - connect 1986.mp3
AudioLeadIn: 0
PreviewTime: 55725
Countdown: 0
SampleSet: Soft
StackLeniency: 0.7
Mode: 3
LetterboxInBreaks: 0
SpecialStyle: 0
WidescreenStoryboard: 1

[Editor]
DistanceSpacing: 0.8
BeatDivisor: 4
GridSize: 16
TimelineZoom: 2.4

[Metadata]
Title:Connect 1986
TitleUnicode:Connect 1986
Artist:Fantom
ArtistUnicode:Fantom
Creator:Night Bunny 7
Version:[Lv.9001] IcyWorld's Challenge
Source:Nuclear Blast JS Awesome Bomb Filez 4
Tags:StepMania,IcyWorld,Stream,Stamina,Speed,Technical,NB4,Tribullets,Overblast!!,TRBL-0004 ,C84
BeatmapID:2486497
BeatmapSetID:592631

[Difficulty]
HPDrainRate:8
CircleSize:4
OverallDifficulty:8
ApproachRate:9
SliderMultiplier:1.4
SliderTickRate:1

[Events]
//Background and Video events
0,0,"bg.png",0,0
//Break Periods
//Storyboard Layer 0 (Background)
//Storyboard Layer 1 (Fail)
//Storyboard Layer 2 (Pass)
//Storyboard Layer 3 (Foreground)
//Storyboard Layer 4 (Overlay)
//Storyboard Sound Samples

[TimingPoints]
11.0431,357.143,4,2,0,5,1,8
11.0431,-100,4,2,0,5,0,8


[HitObjects]
448,0,11,5,0,1:0:0:0:
320,0,11,1,0,1:0:0:0:
64,0,100,5,0,1:0:0:0:
192,0,100,1,0,1:0:0:0:
320,0,189,1,0,1:0:0:0:
192,0,278,1,0,1:0:0:0:
448,0,368,1,0,1:0:0:0:
64,0,368,1,0,1:0:0:0:
320,0,457,1,0,1:0:0:0:
192,0,546,1,0,1:0:0:0:
448,0,636,1,0,1:0:0:0:
320,0,636,1,0,1:0:0:0:
64,0,725,1,0,1:0:0:0:
192,0,814,1,0,1:0:0:0:
448,0,903,1,0,1:0:0:0:
320,0,903,1,0,1:0:0:0:
192,0,993,1,0,1:0:0:0:
64,0,1082,1,0,1:0:0:0:
448,0,1171,1,0,1:0:0:0:
192,0,1171,1,0,1:0:0:0:
320,0,1261,1,0,1:0:0:0:
192,0,1350,1,0,1:0:0:0:
448,0,1439,1,0,1:0:0:0:
64,0,1439,1,0,1:0:0:0:
320,0,1528,1,0,1:0:0:0:
192,0,1618,1,0,1:0:0:0:
320,0,1707,1,0,1:0:0:0:
64,0,1707,1,0,1:0:0:0:
192,0,1796,1,0,1:0:0:0:
320,0,1886,1,0,1:0:0:0:
448,0,1975,1,0,1:0:0:0:
64,0,1975,1,0,1:0:0:0:
192,0,2064,1,0,1:0:0:0:
448,0,2153,1,0,1:0:0:0:
320,0,2153,1,0,1:0:0:0:
192,0,2243,1,0,1:0:0:0:
448,0,2421,128,0,2600:0:0:0:0:
64,0,2689,1,0,1:0:0:0:
448,0,2868,128,0,3046:0:0:0:0:
64,0,2868,1,0,1:0:0:0:
320,0,2957,1,0,1:0:0:0:
192,0,3046,1,0,1:0:0:0:
64,0,3046,1,0,1:0:0:0:
448,0,3225,1,0,1:0:0:0:
64,0,3225,1,0,1:0:0:0:
192,0,3314,1,0,1:0:0:0:
448,0,3403,1,0,1:0:0:0:
192,0,3582,1,0,1:0:0:0:
64,0,3582,1,0,1:0:0:0:
448,0,3761,1,0,1:0:0:0:
320,0,3761,1,0,1:0:0:0:
192,0,3850,1,0,1:0:0:0:
448,0,3939,1,0,1:0:0:0:
64,0,3939,1,0,1:0:0:0:
192,0,4118,1,0,1:0:0:0:
320,0,4296,1,0,1:0:0:0:
64,0,4296,1,0,1:0:0:0:
192,0,4386,1,0,1:0:0:0:
448,0,4475,1,0,1:0:0:0:
320,0,4475,1,0,1:0:0:0:
448,0,4653,1,0,1:0:0:0:
64,0,4653,1,0,1:0:0:0:
320,0,4743,1,0,1:0:0:0:
192,0,4832,1,0,1:0:0:0:
320,0,5011,1,0,1:0:0:0:
64,0,5011,1,0,1:0:0:0:
448,0,5189,1,0,1:0:0:0:
320,0,5189,1,0,1:0:0:0:
192,0,5278,1,0,1:0:0:0:
448,0,5368,1,0,1:0:0:0:
64,0,5368,1,0,1:0:0:0:
192,0,5546,1,0,1:0:0:0:
448,0,5725,1,0,1:0:0:0:
64,0,5725,1,0,1:0:0:0:
192,0,5814,1,0,1:0:0:0:
448,0,5903,1,0,1:0:0:0:
320,0,5903,1,0,1:0:0:0:
448,0,6082,1,0,1:0:0:0:
192,0,6082,1,0,1:0:0:0:
320,0,6171,1,0,1:0:0:0:
64,0,6261,1,0,1:0:0:0:
448,0,6439,1,0,1:0:0:0:
320,0,6439,1,0,1:0:0:0:
320,0,6618,1,0,1:0:0:0:
192,0,6618,1,0,1:0:0:0:
64,0,6707,1,0,1:0:0:0:
448,0,6796,1,0,1:0:0:0:
320,0,6796,1,0,1:0:0:0:
192,0,6975,1,0,1:0:0:0:
448,0,7153,1,0,1:0:0:0:
64,0,7153,1,0,1:0:0:0:
320,0,7243,1,0,1:0:0:0:
448,0,7332,1,0,1:0:0:0:
192,0,7332,1,0,1:0:0:0:
320,0,7511,1,0,1:0:0:0:
64,0,7511,1,0,1:0:0:0:
448,0,7600,1,0,1:0:0:0:
192,0,7689,1,0,1:0:0:0:
448,0,7868,1,0,1:0:0:0:
320,0,7868,1,0,1:0:0:0:
448,0,8046,1,0,1:0:0:0:
64,0,8046,1,0,1:0:0:0:
192,0,8136,1,0,1:0:0:0:
448,0,8225,1,0,1:0:0:0:
320,0,8225,1,0,1:0:0:0:
192,0,8403,1,0,1:0:0:0:
64,0,8403,1,0,1:0:0:0:
448,0,8582,1,0,1:0:0:0:
64,0,8582,128,0,8761:0:0:0:0:
320,0,8671,1,0,1:0:0:0:
448,0,8761,1,0,1:0:0:0:
192,0,8761,1,0,1:0:0:0:
192,0,8939,1,0,1:0:0:0:
64,0,8939,1,0,1:0:0:0:
448,0,9028,1,0,1:0:0:0:
320,0,9118,1,0,1:0:0:0:
448,0,9296,1,0,1:0:0:0:
64,0,9296,1,0,1:0:0:0:
320,0,9475,1,0,1:0:0:0:
192,0,9475,1,0,1:0:0:0:
448,0,9564,1,0,1:0:0:0:
192,0,9653,1,0,1:0:0:0:
64,0,9653,1,0,1:0:0:0:
320,0,9832,1,0,1:0:0:0:
448,0,10011,1,0,1:0:0:0:
64,0,10011,1,0,1:0:0:0:
192,0,10100,1,0,1:0:0:0:
448,0,10189,1,0,1:0:0:0:
320,0,10189,1,0,1:0:0:0:
192,0,10368,1,0,1:0:0:0:
64,0,10368,1,0,1:0:0:0:
320,0,10457,1,0,1:0:0:0:
192,0,10546,1,0,1:0:0:0:
448,0,10725,1,0,1:0:0:0:
64,0,10725,1,0,1:0:0:0:
448,0,10903,1,0,1:0:0:0:
320,0,10903,1,0,1:0:0:0:
192,0,10993,1,0,1:0:0:0:
320,0,11082,1,0,1:0:0:0:
64,0,11082,1,0,1:0:0:0:
192,0,11261,1,0,1:0:0:0:
448,0,11439,1,0,1:0:0:0:
64,0,11439,1,0,1:0:0:0:
192,0,11528,1,0,1:0:0:0:
448,0,11618,1,0,1:0:0:0:
320,0,11618,1,0,1:0:0:0:
192,0,11796,1,0,1:0:0:0:
64,0,11796,1,0,1:0:0:0:
320,0,11886,1,0,1:0:0:0:
448,0,11975,1,0,1:0:0:0:
448,0,12153,1,0,1:0:0:0:
64,0,12153,1,0,1:0:0:0:
448,0,12332,1,0,1:0:0:0:
320,0,12332,1,0,1:0:0:0:
192,0,12421,1,0,1:0:0:0:
448,0,12511,1,0,1:0:0:0:
64,0,12511,1,0,1:0:0:0:
192,0,12689,1,0,1:0:0:0:
448,0,12868,1,0,1:0:0:0:
320,0,12868,1,0,1:0:0:0:
192,0,12957,1,0,1:0:0:0:
448,0,13046,1,0,1:0:0:0:
64,0,13046,1,0,1:0:0:0:
320,0,13225,1,0,1:0:0:0:
192,0,13225,1,0,1:0:0:0:
448,0,13314,1,0,1:0:0:0:
64,0,13403,1,0,1:0:0:0:
320,0,13582,1,0,1:0:0:0:
192,0,13582,1,0,1:0:0:0:
320,0,13761,1,0,1:0:0:0:
64,0,13761,1,0,1:0:0:0:
192,0,13850,1,0,1:0:0:0:
448,0,13939,1,0,1:0:0:0:
64,0,13939,1,0,1:0:0:0:
320,0,13999,1,0,1:0:0:0:
192,0,14058,1,0,1:0:0:0:
448,0,14118,1,0,1:0:0:0:
64,0,14118,1,0,1:0:0:0:
320,0,14177,1,0,1:0:0:0:
192,0,14237,1,0,1:0:0:0:
448,0,14296,128,0,14475:0:0:0:0:
64,0,14296,1,0,1:0:0:0:
320,0,14386,1,0,1:0:0:0:
192,0,14475,1,0,1:0:0:0:
64,0,14475,1,0,1:0:0:0:
448,0,14653,1,0,1:0:0:0:
320,0,14653,1,0,1:0:0:0:
64,0,14743,1,0,1:0:0:0:
192,0,14832,1,0,1:0:0:0:
448,0,15011,1,0,1:0:0:0:
64,0,15011,1,0,1:0:0:0:
320,0,15189,1,0,1:0:0:0:
192,0,15189,1,0,1:0:0:0:
448,0,15278,1,0,1:0:0:0:
192,0,15368,1,0,1:0:0:0:
64,0,15368,1,0,1:0:0:0:
320,0,15546,1,0,1:0:0:0:
448,0,15725,1,0,1:0:0:0:
64,0,15725,1,0,1:0:0:0:
192,0,15814,1,0,1:0:0:0:
448,0,15903,1,0,1:0:0:0:
320,0,15903,1,0,1:0:0:0:
192,0,16082,1,0,1:0:0:0:
64,0,16082,1,0,1:0:0:0:
320,0,16171,1,0,1:0:0:0:
192,0,16261,1,0,1:0:0:0:
448,0,16439,1,0,1:0:0:0:
64,0,16439,1,0,1:0:0:0:
320,0,16618,1,0,1:0:0:0:
192,0,16618,1,0,1:0:0:0:
64,0,16707,1,0,1:0:0:0:
448,0,16796,1,0,1:0:0:0:
320,0,16796,1,0,1:0:0:0:
192,0,16975,1,0,1:0:0:0:
320,0,17153,1,0,1:0:0:0:
64,0,17153,1,0,1:0:0:0:
192,0,17243,1,0,1:0:0:0:
448,0,17332,1,0,1:0:0:0:
320,0,17332,1,0,1:0:0:0:
448,0,17511,1,0,1:0:0:0:
64,0,17511,1,0,1:0:0:0:
320,0,17600,1,0,1:0:0:0:
192,0,17689,1,0,1:0:0:0:
448,0,17868,1,0,1:0:0:0:
320,0,17868,1,0,1:0:0:0:
192,0,18046,1,0,1:0:0:0:
64,0,18046,1,0,1:0:0:0:
320,0,18136,1,0,1:0:0:0:
192,0,18225,1,0,1:0:0:0:
64,0,18225,1,0,1:0:0:0:
448,0,18403,1,0,1:0:0:0:
320,0,18582,1,0,1:0:0:0:
64,0,18582,1,0,1:0:0:0:
192,0,18671,1,0,1:0:0:0:
448,0,18761,1,0,1:0:0:0:
320,0,18761,1,0,1:0:0:0:
192,0,18939,1,0,1:0:0:0:
64,0,18939,1,0,1:0:0:0:
448,0,19028,1,0,1:0:0:0:
320,0,19118,1,0,1:0:0:0:
448,0,19296,1,0,1:0:0:0:
64,0,19296,1,0,1:0:0:0:
448,0,19475,1,0,1:0:0:0:
320,0,19475,1,0,1:0:0:0:
192,0,19564,1,0,1:0:0:0:
448,0,19653,1,0,1:0:0:0:
320,0,19653,1,0,1:0:0:0:
192,0,19832,1,0,1:0:0:0:
64,0,19832,1,0,1:0:0:0:
448,0,20011,1,0,1:0:0:0:
64,0,20011,128,0,20189:0:0:0:0:
192,0,20100,1,0,1:0:0:0:
448,0,20189,1,0,1:0:0:0:
320,0,20189,1,0,1:0:0:0:
320,0,20368,1,0,1:0:0:0:
192,0,20368,1,0,1:0:0:0:
448,0,20457,1,0,1:0:0:0:
64,0,20546,1,0,1:0:0:0:
448,0,20725,1,0,1:0:0:0:
192,0,20725,1,0,1:0:0:0:
320,0,20903,1,0,1:0:0:0:
64,0,20903,1,0,1:0:0:0:
192,0,20993,1,0,1:0:0:0:
448,0,21082,1,0,1:0:0:0:
320,0,21082,1,0,1:0:0:0:
64,0,21261,1,0,1:0:0:0:
320,0,21439,1,0,1:0:0:0:
192,0,21439,1,0,1:0:0:0:
448,0,21528,1,0,1:0:0:0:
192,0,21618,1,0,1:0:0:0:
64,0,21618,1,0,1:0:0:0:
448,0,21796,1,0,1:0:0:0:
320,0,21796,1,0,1:0:0:0:
64,0,21886,1,0,1:0:0:0:
192,0,21975,1,0,1:0:0:0:
448,0,22153,1,0,1:0:0:0:
64,0,22153,1,0,1:0:0:0:
192,0,22332,1,0,1:0:0:0:
64,0,22332,1,0,1:0:0:0:
448,0,22421,1,0,1:0:0:0:
192,0,22511,1,0,1:0:0:0:
64,0,22511,1,0,1:0:0:0:
320,0,22689,1,0,1:0:0:0:
448,0,22868,1,0,1:0:0:0:
64,0,22868,1,0,1:0:0:0:
192,0,22957,1,0,1:0:0:0:
448,0,23046,1,0,1:0:0:0:
320,0,23046,1,0,1:0:0:0:
448,0,23225,1,0,1:0:0:0:
64,0,23225,1,0,1:0:0:0:
192,0,23314,1,0,1:0:0:0:
320,0,23403,1,0,1:0:0:0:
320,0,23582,1,0,1:0:0:0:
192,0,23582,1,0,1:0:0:0:
192,0,23761,1,0,1:0:0:0:
64,0,23761,1,0,1:0:0:0:
320,0,23850,1,0,1:0:0:0:
448,0,23939,1,0,1:0:0:0:
64,0,23939,1,0,1:0:0:0:
192,0,24118,1,0,1:0:0:0:
448,0,24296,1,0,1:0:0:0:
320,0,24296,1,0,1:0:0:0:
64,0,24386,1,0,1:0:0:0:
448,0,24475,1,0,1:0:0:0:
192,0,24475,1,0,1:0:0:0:
192,0,24653,1,0,1:0:0:0:
64,0,24653,1,0,1:0:0:0:
448,0,24743,1,0,1:0:0:0:
320,0,24832,1,0,1:0:0:0:
448,0,25011,1,0,1:0:0:0:
64,0,25011,1,0,1:0:0:0:
192,0,25189,1,0,1:0:0:0:
64,0,25189,1,0,1:0:0:0:
320,0,25278,1,0,1:0:0:0:
192,0,25368,1,0,1:0:0:0:
64,0,25368,1,0,1:0:0:0:
448,0,25427,1,0,1:0:0:0:
320,0,25487,1,0,1:0:0:0:
192,0,25546,1,0,1:0:0:0:
64,0,25546,1,0,1:0:0:0:
448,0,25606,1,0,1:0:0:0:
320,0,25665,1,0,1:0:0:0:
192,0,25725,1,0,1:0:0:0:
64,0,25725,128,0,25903:0:0:0:0:
448,0,25814,1,0,1:0:0:0:
320,0,25903,1,0,1:0:0:0:
192,0,25903,1,0,1:0:0:0:
448,0,26082,1,0,1:0:0:0:
320,0,26082,1,0,1:0:0:0:
192,0,26171,1,0,1:0:0:0:
64,0,26261,1,0,1:0:0:0:
320,0,26439,1,0,1:0:0:0:
192,0,26439,1,0,1:0:0:0:
448,0,26618,1,0,1:0:0:0:
64,0,26618,1,0,1:0:0:0:
192,0,26707,1,0,1:0:0:0:
448,0,26796,1,0,1:0:0:0:
320,0,26796,1,0,1:0:0:0:
192,0,26975,1,0,1:0:0:0:
192,0,27153,1,0,1:0:0:0:
64,0,27153,1,0,1:0:0:0:
448,0,27243,1,0,1:0:0:0:
320,0,27332,1,0,1:0:0:0:
192,0,27332,1,0,1:0:0:0:
448,0,27511,1,0,1:0:0:0:
64,0,27511,1,0,1:0:0:0:
192,0,27600,1,0,1:0:0:0:
320,0,27689,1,0,1:0:0:0:
192,0,27868,1,0,1:0:0:0:
64,0,27868,1,0,1:0:0:0:
448,0,28046,1,0,1:0:0:0:
320,0,28046,1,0,1:0:0:0:
192,0,28136,1,0,1:0:0:0:
448,0,28225,1,0,1:0:0:0:
320,0,28225,1,0,1:0:0:0:
64,0,28403,1,0,1:0:0:0:
320,0,28582,1,0,1:0:0:0:
192,0,28582,1,0,1:0:0:0:
448,0,28671,1,0,1:0:0:0:
192,0,28761,1,0,1:0:0:0:
64,0,28761,1,0,1:0:0:0:
448,0,28939,1,0,1:0:0:0:
320,0,28939,1,0,1:0:0:0:
64,0,29028,1,0,1:0:0:0:
192,0,29118,1,0,1:0:0:0:
448,0,29296,1,0,1:0:0:0:
64,0,29296,1,0,1:0:0:0:
320,0,29475,1,0,1:0:0:0:
192,0,29475,1,0,1:0:0:0:
64,0,29564,1,0,1:0:0:0:
448,0,29653,1,0,1:0:0:0:
320,0,29653,1,0,1:0:0:0:
192,0,29832,1,0,1:0:0:0:
448,0,30011,1,0,1:0:0:0:
64,0,30011,1,0,1:0:0:0:
192,0,30100,1,0,1:0:0:0:
448,0,30189,1,0,1:0:0:0:
320,0,30189,1,0,1:0:0:0:
192,0,30368,1,0,1:0:0:0:
64,0,30368,1,0,1:0:0:0:
448,0,30457,1,0,1:0:0:0:
320,0,30546,1,0,1:0:0:0:
448,0,30725,1,0,1:0:0:0:
64,0,30725,1,0,1:0:0:0:
448,0,30903,1,0,1:0:0:0:
320,0,30903,1,0,1:0:0:0:
64,0,30993,1,0,1:0:0:0:
320,0,31082,1,0,1:0:0:0:
192,0,31082,1,0,1:0:0:0:
448,0,31261,1,0,1:0:0:0:
320,0,31261,1,0,1:0:0:0:
448,0,31439,128,0,31618:0:0:0:0:
64,0,31439,1,0,1:0:0:0:
192,0,31528,1,0,1:0:0:0:
320,0,31618,1,0,1:0:0:0:
64,0,31618,1,0,1:0:0:0:
448,0,31796,1,0,1:0:0:0:
192,0,31796,1,0,1:0:0:0:
64,0,31886,1,0,1:0:0:0:
320,0,31975,1,0,1:0:0:0:
192,0,32153,1,0,1:0:0:0:
64,0,32153,1,0,1:0:0:0:
448,0,32332,1,0,1:0:0:0:
320,0,32332,1,0,1:0:0:0:
192,0,32421,1,0,1:0:0:0:
448,0,32511,1,0,1:0:0:0:
64,0,32511,1,0,1:0:0:0:
192,0,32689,1,0,1:0:0:0:
448,0,32868,1,0,1:0:0:0:
320,0,32868,1,0,1:0:0:0:
64,0,32957,1,0,1:0:0:0:
448,0,33046,1,0,1:0:0:0:
320,0,33046,1,0,1:0:0:0:
192,0,33225,1,0,1:0:0:0:
64,0,33225,1,0,1:0:0:0:
448,0,33314,1,0,1:0:0:0:
320,0,33403,1,0,1:0:0:0:
448,0,33582,1,0,1:0:0:0:
64,0,33582,1,0,1:0:0:0:
448,0,33761,1,0,1:0:0:0:
320,0,33761,1,0,1:0:0:0:
192,0,33850,1,0,1:0:0:0:
448,0,33939,1,0,1:0:0:0:
64,0,33939,1,0,1:0:0:0:
320,0,34118,1,0,1:0:0:0:
192,0,34296,1,0,1:0:0:0:
64,0,34296,1,0,1:0:0:0:
320,0,34386,1,0,1:0:0:0:
192,0,34475,1,0,1:0:0:0:
64,0,34475,1,0,1:0:0:0:
448,0,34653,1,0,1:0:0:0:
320,0,34653,1,0,1:0:0:0:
64,0,34743,1,0,1:0:0:0:
192,0,34832,1,0,1:0:0:0:
448,0,35011,1,0,1:0:0:0:
64,0,35011,1,0,1:0:0:0:
448,0,35189,1,0,1:0:0:0:
320,0,35189,1,0,1:0:0:0:
192,0,35278,1,0,1:0:0:0:
448,0,35368,1,0,1:0:0:0:
64,0,35368,1,0,1:0:0:0:
192,0,35546,1,0,1:0:0:0:
448,0,35725,1,0,1:0:0:0:
64,0,35725,1,0,1:0:0:0:
192,0,35814,1,0,1:0:0:0:
448,0,35903,1,0,1:0:0:0:
320,0,35903,1,0,1:0:0:0:
192,0,36082,1,0,1:0:0:0:
64,0,36082,1,0,1:0:0:0:
448,0,36171,1,0,1:0:0:0:
320,0,36261,1,0,1:0:0:0:
448,0,36439,1,0,1:0:0:0:
320,0,36439,1,0,1:0:0:0:
192,0,36618,1,0,1:0:0:0:
64,0,36618,1,0,1:0:0:0:
320,0,36707,1,0,1:0:0:0:
448,0,36796,1,0,1:0:0:0:
64,0,36796,1,0,1:0:0:0:
320,0,36856,1,0,1:0:0:0:
192,0,36915,1,0,1:0:0:0:
448,0,36975,1,0,1:0:0:0:
64,0,36975,1,0,1:0:0:0:
320,0,37034,1,0,1:0:0:0:
192,0,37094,1,0,1:0:0:0:
448,0,37153,128,0,37332:0:0:0:0:
64,0,37153,1,0,1:0:0:0:
320,0,37243,1,0,1:0:0:0:
192,0,37332,1,0,1:0:0:0:
64,0,37332,1,0,1:0:0:0:
448,0,37511,1,0,1:0:0:0:
320,0,37511,1,0,1:0:0:0:
64,0,37600,1,0,1:0:0:0:
192,0,37689,1,0,1:0:0:0:
448,0,37868,1,0,1:0:0:0:
64,0,37868,1,0,1:0:0:0:
320,0,38046,1,0,1:0:0:0:
192,0,38046,1,0,1:0:0:0:
448,0,38136,1,0,1:0:0:0:
192,0,38225,1,0,1:0:0:0:
64,0,38225,1,0,1:0:0:0:
320,0,38403,1,0,1:0:0:0:
192,0,38582,1,0,1:0:0:0:
64,0,38582,1,0,1:0:0:0:
448,0,38671,1,0,1:0:0:0:
320,0,38761,1,0,1:0:0:0:
192,0,38761,1,0,1:0:0:0:
448,0,38939,1,0,1:0:0:0:
64,0,38939,1,0,1:0:0:0:
320,0,39028,1,0,1:0:0:0:
192,0,39118,1,0,1:0:0:0:
448,0,39296,1,0,1:0:0:0:
320,0,39296,1,0,1:0:0:0:
192,0,39475,1,0,1:0:0:0:
64,0,39475,1,0,1:0:0:0:
320,0,39564,1,0,1:0:0:0:
448,0,39653,1,0,1:0:0:0:
64,0,39653,1,0,1:0:0:0:
192,0,39832,1,0,1:0:0:0:
448,0,40011,1,0,1:0:0:0:
320,0,40011,1,0,1:0:0:0:
192,0,40100,1,0,1:0:0:0:
448,0,40189,1,0,1:0:0:0:
320,0,40189,1,0,1:0:0:0:
192,0,40368,1,0,1:0:0:0:
64,0,40368,1,0,1:0:0:0:
448,0,40457,1,0,1:0:0:0:
320,0,40546,1,0,1:0:0:0:
448,0,40725,1,0,1:0:0:0:
64,0,40725,1,0,1:0:0:0:
320,0,40903,1,0,1:0:0:0:
64,0,40903,1,0,1:0:0:0:
448,0,40993,1,0,1:0:0:0:
192,0,41082,1,0,1:0:0:0:
64,0,41082,1,0,1:0:0:0:
320,0,41261,1,0,1:0:0:0:
448,0,41439,1,0,1:0:0:0:
64,0,41439,1,0,1:0:0:0:
192,0,41528,1,0,1:0:0:0:
320,0,41618,1,0,1:0:0:0:
64,0,41618,1,0,1:0:0:0:
448,0,41796,1,0,1:0:0:0:
320,0,41796,1,0,1:0:0:0:
64,0,41886,1,0,1:0:0:0:
192,0,41975,1,0,1:0:0:0:
448,0,42153,1,0,1:0:0:0:
64,0,42153,1,0,1:0:0:0:
448,0,42332,1,0,1:0:0:0:
320,0,42332,1,0,1:0:0:0:
192,0,42421,1,0,1:0:0:0:
448,0,42511,1,0,1:0:0:0:
64,0,42511,1,0,1:0:0:0:
320,0,42689,1,0,1:0:0:0:
192,0,42689,1,0,1:0:0:0:
448,0,42868,1,0,1:0:0:0:
64,0,42868,128,0,43046:0:0:0:0:
192,0,42957,1,0,1:0:0:0:
448,0,43046,1,0,1:0:0:0:
320,0,43046,1,0,1:0:0:0:
192,0,43225,1,0,1:0:0:0:
64,0,43225,1,0,1:0:0:0:
320,0,43314,1,0,1:0:0:0:
448,0,43403,1,0,1:0:0:0:
192,0,43582,1,0,1:0:0:0:
64,0,43582,1,0,1:0:0:0:
448,0,43761,1,0,1:0:0:0:
320,0,43761,1,0,1:0:0:0:
192,0,43850,1,0,1:0:0:0:
448,0,43939,1,0,1:0:0:0:
64,0,43939,1,0,1:0:0:0:
192,0,44118,1,0,1:0:0:0:
448,0,44296,1,0,1:0:0:0:
320,0,44296,1,0,1:0:0:0:
192,0,44386,1,0,1:0:0:0:
448,0,44475,1,0,1:0:0:0:
64,0,44475,1,0,1:0:0:0:
192,0,44653,1,0,1:0:0:0:
64,0,44653,1,0,1:0:0:0:
320,0,44743,1,0,1:0:0:0:
192,0,44832,1,0,1:0:0:0:
448,0,45011,1,0,1:0:0:0:
320,0,45011,1,0,1:0:0:0:
448,0,45189,1,0,1:0:0:0:
64,0,45189,1,0,1:0:0:0:
192,0,45278,1,0,1:0:0:0:
448,0,45368,1,0,1:0:0:0:
320,0,45368,1,0,1:0:0:0:
64,0,45546,1,0,1:0:0:0:
448,0,45725,1,0,1:0:0:0:
320,0,45725,1,0,1:0:0:0:
192,0,45814,1,0,1:0:0:0:
448,0,45903,1,0,1:0:0:0:
64,0,45903,1,0,1:0:0:0:
192,0,46082,1,0,1:0:0:0:
64,0,46082,1,0,1:0:0:0:
448,0,46171,1,0,1:0:0:0:
320,0,46261,1,0,1:0:0:0:
448,0,46439,1,0,1:0:0:0:
64,0,46439,1,0,1:0:0:0:
320,0,46618,1,0,1:0:0:0:
192,0,46618,1,0,1:0:0:0:
448,0,46707,1,0,1:0:0:0:
192,0,46796,1,0,1:0:0:0:
64,0,46796,1,0,1:0:0:0:
448,0,46975,1,0,1:0:0:0:
320,0,47153,1,0,1:0:0:0:
192,0,47153,1,0,1:0:0:0:
64,0,47243,1,0,1:0:0:0:
448,0,47332,1,0,1:0:0:0:
320,0,47332,1,0,1:0:0:0:
192,0,47511,1,0,1:0:0:0:
64,0,47511,1,0,1:0:0:0:
320,0,47600,1,0,1:0:0:0:
192,0,47689,1,0,1:0:0:0:
448,0,47868,1,0,1:0:0:0:
64,0,47868,1,0,1:0:0:0:
320,0,48046,1,0,1:0:0:0:
192,0,48046,1,0,1:0:0:0:
448,0,48136,1,0,1:0:0:0:
192,0,48225,1,0,1:0:0:0:
64,0,48225,1,0,1:0:0:0:
320,0,48284,1,0,1:0:0:0:
448,0,48344,1,0,1:0:0:0:
192,0,48403,1,0,1:0:0:0:
64,0,48403,1,0,1:0:0:0:
320,0,48463,1,0,1:0:0:0:
448,0,48522,1,0,1:0:0:0:
64,0,48582,1,0,1:0:0:0:
192,0,48627,1,0,1:0:0:0:
320,0,48671,1,0,1:0:0:0:
448,0,48716,1,0,1:0:0:0:
64,0,48761,1,0,1:0:0:0:
192,0,48805,1,0,1:0:0:0:
448,0,48850,1,0,1:0:0:0:
320,0,48894,1,0,1:0:0:0:
192,0,48939,1,0,1:0:0:0:
64,0,49028,128,0,49073:0:0:0:0:
320,0,49073,128,0,49088:0:0:0:0:
448,0,49118,128,0,49177:0:0:0:0:
64,0,49296,1,0,1:0:0:0:
448,0,49341,1,0,1:0:0:0:
320,0,49386,1,0,1:0:0:0:
192,0,49430,1,0,1:0:0:0:
64,0,49475,1,0,1:0:0:0:
448,0,49519,1,0,1:0:0:0:
320,0,49564,1,0,1:0:0:0:
192,0,49609,1,0,1:0:0:0:
64,0,49653,1,0,1:0:0:0:
448,0,49698,1,0,1:0:0:0:
320,0,49743,1,0,1:0:0:0:
192,0,49787,1,0,1:0:0:0:
64,0,49832,1,0,1:0:0:0:
448,0,49877,1,0,1:0:0:0:
320,0,49921,1,0,1:0:0:0:
192,0,49966,1,0,1:0:0:0:
448,0,50011,1,0,1:0:0:0:
64,0,50011,1,0,1:0:0:0:
320,0,50070,1,0,1:0:0:0:
192,0,50130,1,0,1:0:0:0:
448,0,50189,1,0,1:0:0:0:
64,0,50189,1,0,1:0:0:0:
320,0,50249,1,0,1:0:0:0:
192,0,50308,1,0,1:0:0:0:
448,0,50368,1,0,1:0:0:0:
64,0,50368,1,0,1:0:0:0:
320,0,50427,1,0,1:0:0:0:
192,0,50487,1,0,1:0:0:0:
320,0,50546,1,0,1:0:0:0:
448,0,50606,1,0,1:0:0:0:
64,0,50665,1,0,1:0:0:0:
320,0,50725,1,0,1:0:0:0:
192,0,50725,1,0,1:0:0:0:
448,0,50784,1,0,1:0:0:0:
64,0,50844,1,0,1:0:0:0:
448,0,50903,1,0,1:0:0:0:
320,0,50903,1,0,1:0:0:0:
192,0,50963,1,0,1:0:0:0:
64,0,51022,1,0,1:0:0:0:
448,0,51082,1,0,1:0:0:0:
320,0,51082,1,0,1:0:0:0:
192,0,51142,1,0,1:0:0:0:
320,0,51201,1,0,1:0:0:0:
448,0,51261,1,0,1:0:0:0:
64,0,51320,1,0,1:0:0:0:
192,0,51380,1,0,1:0:0:0:
448,0,51439,1,0,1:0:0:0:
320,0,51439,1,0,1:0:0:0:
64,0,51499,1,0,1:0:0:0:
192,0,51558,1,0,1:0:0:0:
448,0,51618,1,0,1:0:0:0:
320,0,51618,1,0,1:0:0:0:
64,0,51677,1,0,1:0:0:0:
192,0,51737,1,0,1:0:0:0:
448,0,51796,1,0,1:0:0:0:
320,0,51796,1,0,1:0:0:0:
64,0,51856,1,0,1:0:0:0:
192,0,51915,1,0,1:0:0:0:
448,0,51975,1,0,1:0:0:0:
320,0,52034,1,0,1:0:0:0:
192,0,52094,1,0,1:0:0:0:
448,0,52153,1,0,1:0:0:0:
64,0,52153,1,0,1:0:0:0:
320,0,52213,1,0,1:0:0:0:
192,0,52272,1,0,1:0:0:0:
448,0,52332,1,0,1:0:0:0:
320,0,52332,1,0,1:0:0:0:
192,0,52392,1,0,1:0:0:0:
64,0,52451,1,0,1:0:0:0:
448,0,52511,1,0,1:0:0:0:
320,0,52511,1,0,1:0:0:0:
192,0,52570,1,0,1:0:0:0:
64,0,52630,1,0,1:0:0:0:
448,0,52689,1,0,1:0:0:0:
192,0,52749,1,0,1:0:0:0:
320,0,52808,1,0,1:0:0:0:
448,0,52868,1,0,1:0:0:0:
64,0,52868,1,0,1:0:0:0:
192,0,52927,1,0,1:0:0:0:
320,0,52987,1,0,1:0:0:0:
448,0,53046,1,0,1:0:0:0:
64,0,53106,1,0,1:0:0:0:
192,0,53136,1,0,1:0:0:0:
320,0,53165,1,0,1:0:0:0:
448,0,53225,1,0,1:0:0:0:
64,0,53225,1,0,1:0:0:0:
192,0,53284,1,0,1:0:0:0:
320,0,53314,1,0,1:0:0:0:
448,0,53344,1,0,1:0:0:0:
64,0,53403,1,0,1:0:0:0:
192,0,53463,1,0,1:0:0:0:
320,0,53522,1,0,1:0:0:0:
448,0,53582,1,0,1:0:0:0:
64,0,53582,1,0,1:0:0:0:
192,0,53642,1,0,1:0:0:0:
320,0,53701,1,0,1:0:0:0:
192,0,53761,1,0,1:0:0:0:
64,0,53820,1,0,1:0:0:0:
448,0,53850,1,0,1:0:0:0:
320,0,53880,1,0,1:0:0:0:
192,0,53939,1,0,1:0:0:0:
64,0,53939,1,0,1:0:0:0:
448,0,53999,1,0,1:0:0:0:
320,0,54028,1,0,1:0:0:0:
192,0,54058,1,0,1:0:0:0:
64,0,54118,1,0,1:0:0:0:
448,0,54177,1,0,1:0:0:0:
320,0,54237,1,0,1:0:0:0:
192,0,54296,1,0,1:0:0:0:
64,0,54296,1,0,1:0:0:0:
448,0,54356,1,0,1:0:0:0:
320,0,54415,1,0,1:0:0:0:
64,0,54475,1,0,1:0:0:0:
192,0,54534,1,0,1:0:0:0:
320,0,54564,1,0,1:0:0:0:
448,0,54594,1,0,1:0:0:0:
192,0,54653,1,0,1:0:0:0:
64,0,54653,1,0,1:0:0:0:
320,0,54713,1,0,1:0:0:0:
448,0,54743,1,0,1:0:0:0:
64,0,54772,1,0,1:0:0:0:
192,0,54832,1,0,1:0:0:0:
320,0,54892,1,0,1:0:0:0:
64,0,54951,1,0,1:0:0:0:
448,0,55011,1,0,1:0:0:0:
192,0,55011,1,0,1:0:0:0:
320,0,55070,1,0,1:0:0:0:
64,0,55130,1,0,1:0:0:0:
448,0,55189,1,0,1:0:0:0:
320,0,55249,1,0,1:0:0:0:
192,0,55278,1,0,1:0:0:0:
64,0,55308,1,0,1:0:0:0:
448,0,55368,1,0,1:0:0:0:
320,0,55368,1,0,1:0:0:0:
192,0,55427,1,0,1:0:0:0:
64,0,55457,1,0,1:0:0:0:
448,0,55487,1,0,1:0:0:0:
320,0,55546,1,0,1:0:0:0:
192,0,55606,1,0,1:0:0:0:
64,0,55665,1,0,1:0:0:0:
448,0,55725,1,0,1:0:0:0:
320,0,55725,1,0,1:0:0:0:
192,0,55784,1,0,1:0:0:0:
64,0,55844,1,0,1:0:0:0:
448,0,55903,1,0,1:0:0:0:
320,0,55903,1,0,1:0:0:0:
192,0,55963,1,0,1:0:0:0:
64,0,56022,1,0,1:0:0:0:
448,0,56082,1,0,1:0:0:0:
320,0,56082,1,0,1:0:0:0:
192,0,56142,1,0,1:0:0:0:
64,0,56201,1,0,1:0:0:0:
320,0,56261,1,0,1:0:0:0:
448,0,56320,1,0,1:0:0:0:
64,0,56380,1,0,1:0:0:0:
320,0,56439,1,0,1:0:0:0:
192,0,56439,1,0,1:0:0:0:
448,0,56499,1,0,1:0:0:0:
64,0,56558,1,0,1:0:0:0:
320,0,56618,1,0,1:0:0:0:
192,0,56618,1,0,1:0:0:0:
448,0,56677,1,0,1:0:0:0:
64,0,56737,1,0,1:0:0:0:
320,0,56796,1,0,1:0:0:0:
192,0,56796,1,0,1:0:0:0:
448,0,56856,1,0,1:0:0:0:
64,0,56915,1,0,1:0:0:0:
192,0,56975,1,0,1:0:0:0:
320,0,57034,1,0,1:0:0:0:
192,0,57094,1,0,1:0:0:0:
448,0,57153,1,0,1:0:0:0:
64,0,57153,1,0,1:0:0:0:
320,0,57213,1,0,1:0:0:0:
192,0,57272,1,0,1:0:0:0:
448,0,57332,1,0,1:0:0:0:
64,0,57332,1,0,1:0:0:0:
320,0,57392,1,0,1:0:0:0:
192,0,57451,1,0,1:0:0:0:
448,0,57511,1,0,1:0:0:0:
320,0,57511,1,0,1:0:0:0:
64,0,57570,1,0,1:0:0:0:
192,0,57630,1,0,1:0:0:0:
320,0,57689,1,0,1:0:0:0:
448,0,57749,1,0,1:0:0:0:
64,0,57808,1,0,1:0:0:0:
320,0,57868,1,0,1:0:0:0:
192,0,57868,1,0,1:0:0:0:
448,0,57927,1,0,1:0:0:0:
64,0,57987,1,0,1:0:0:0:
320,0,58046,1,0,1:0:0:0:
192,0,58046,1,0,1:0:0:0:
448,0,58106,1,0,1:0:0:0:
320,0,58165,1,0,1:0:0:0:
192,0,58225,1,0,1:0:0:0:
64,0,58225,1,0,1:0:0:0:
448,0,58284,1,0,1:0:0:0:
320,0,58344,1,0,1:0:0:0:
192,0,58403,1,0,1:0:0:0:
64,0,58463,1,0,1:0:0:0:
320,0,58522,1,0,1:0:0:0:
448,0,58582,1,0,1:0:0:0:
64,0,58582,1,0,1:0:0:0:
192,0,58642,1,0,1:0:0:0:
320,0,58701,1,0,1:0:0:0:
448,0,58761,1,0,1:0:0:0:
64,0,58820,1,0,1:0:0:0:
192,0,58850,1,0,1:0:0:0:
320,0,58880,1,0,1:0:0:0:
448,0,58939,1,0,1:0:0:0:
64,0,58939,1,0,1:0:0:0:
192,0,58999,1,0,1:0:0:0:
320,0,59028,1,0,1:0:0:0:
448,0,59058,1,0,1:0:0:0:
64,0,59118,1,0,1:0:0:0:
192,0,59177,1,0,1:0:0:0:
320,0,59237,1,0,1:0:0:0:
192,0,59296,1,0,1:0:0:0:
64,0,59296,1,0,1:0:0:0:
448,0,59356,1,0,1:0:0:0:
320,0,59415,1,0,1:0:0:0:
192,0,59475,1,0,1:0:0:0:
64,0,59534,1,0,1:0:0:0:
448,0,59564,1,0,1:0:0:0:
320,0,59594,1,0,1:0:0:0:
192,0,59653,1,0,1:0:0:0:
64,0,59653,1,0,1:0:0:0:
448,0,59713,1,0,1:0:0:0:
320,0,59743,1,0,1:0:0:0:
192,0,59772,1,0,1:0:0:0:
64,0,59832,1,0,1:0:0:0:
448,0,59892,1,0,1:0:0:0:
192,0,59951,1,0,1:0:0:0:
448,0,60011,1,0,1:0:0:0:
320,0,60011,1,0,1:0:0:0:
64,0,60070,1,0,1:0:0:0:
192,0,60130,1,0,1:0:0:0:
320,0,60189,1,0,1:0:0:0:
448,0,60249,1,0,1:0:0:0:
192,0,60278,1,0,1:0:0:0:
64,0,60308,1,0,1:0:0:0:
448,0,60368,1,0,1:0:0:0:
320,0,60368,1,0,1:0:0:0:
192,0,60427,1,0,1:0:0:0:
64,0,60457,1,0,1:0:0:0:
320,0,60487,1,0,1:0:0:0:
448,0,60546,1,0,1:0:0:0:
192,0,60606,1,0,1:0:0:0:
320,0,60665,1,0,1:0:0:0:
448,0,60725,1,0,1:0:0:0:
64,0,60725,1,0,1:0:0:0:
192,0,60784,1,0,1:0:0:0:
320,0,60844,1,0,1:0:0:0:
448,0,60903,1,0,1:0:0:0:
192,0,60963,1,0,1:0:0:0:
64,0,60993,1,0,1:0:0:0:
448,0,61022,1,0,1:0:0:0:
320,0,61082,1,0,1:0:0:0:
192,0,61082,1,0,1:0:0:0:
64,0,61127,1,0,1:0:0:0:
448,0,61142,1,0,1:0:0:0:
320,0,61171,1,0,1:0:0:0:
192,0,61201,1,0,1:0:0:0:
64,0,61216,1,0,1:0:0:0:
448,0,61261,1,0,1:0:0:0:
320,0,61261,1,0,1:0:0:0:
192,0,61305,1,0,1:0:0:0:
64,0,61320,1,0,1:0:0:0:
448,0,61350,1,0,1:0:0:0:
320,0,61380,1,0,1:0:0:0:
192,0,61394,1,0,1:0:0:0:
448,0,61439,1,0,1:0:0:0:
64,0,61439,1,0,1:0:0:0:
320,0,61499,1,0,1:0:0:0:
192,0,61558,1,0,1:0:0:0:
448,0,61618,1,0,1:0:0:0:
64,0,61618,1,0,1:0:0:0:
320,0,61677,1,0,1:0:0:0:
192,0,61737,1,0,1:0:0:0:
448,0,61796,1,0,1:0:0:0:
64,0,61796,1,0,1:0:0:0:
320,0,61856,1,0,1:0:0:0:
192,0,61915,1,0,1:0:0:0:
320,0,61975,1,0,1:0:0:0:
448,0,62034,1,0,1:0:0:0:
64,0,62094,1,0,1:0:0:0:
320,0,62153,1,0,1:0:0:0:
192,0,62153,1,0,1:0:0:0:
448,0,62213,1,0,1:0:0:0:
64,0,62272,1,0,1:0:0:0:
320,0,62332,1,0,1:0:0:0:
192,0,62332,1,0,1:0:0:0:
448,0,62392,1,0,1:0:0:0:
64,0,62451,1,0,1:0:0:0:
448,0,62511,1,0,1:0:0:0:
320,0,62511,1,0,1:0:0:0:
192,0,62570,1,0,1:0:0:0:
64,0,62630,1,0,1:0:0:0:
448,0,62689,1,0,1:0:0:0:
320,0,62749,1,0,1:0:0:0:
192,0,62808,1,0,1:0:0:0:
448,0,62868,1,0,1:0:0:0:
64,0,62868,1,0,1:0:0:0:
320,0,62927,1,0,1:0:0:0:
192,0,62987,1,0,1:0:0:0:
448,0,63046,1,0,1:0:0:0:
64,0,63046,1,0,1:0:0:0:
320,0,63106,1,0,1:0:0:0:
192,0,63165,1,0,1:0:0:0:
448,0,63225,1,0,1:0:0:0:
320,0,63225,1,0,1:0:0:0:
64,0,63284,1,0,1:0:0:0:
192,0,63344,1,0,1:0:0:0:
320,0,63403,1,0,1:0:0:0:
448,0,63463,1,0,1:0:0:0:
192,0,63522,1,0,1:0:0:0:
448,0,63582,1,0,1:0:0:0:
64,0,63582,1,0,1:0:0:0:
192,0,63642,1,0,1:0:0:0:
320,0,63701,1,0,1:0:0:0:
448,0,63761,1,0,1:0:0:0:
64,0,63761,1,0,1:0:0:0:
192,0,63820,1,0,1:0:0:0:
320,0,63880,1,0,1:0:0:0:
192,0,63939,1,0,1:0:0:0:
64,0,63939,1,0,1:0:0:0:
448,0,63999,1,0,1:0:0:0:
320,0,64058,1,0,1:0:0:0:
192,0,64118,1,0,1:0:0:0:
64,0,64177,1,0,1:0:0:0:
448,0,64237,1,0,1:0:0:0:
320,0,64296,1,0,1:0:0:0:
192,0,64296,1,0,1:0:0:0:
64,0,64356,1,0,1:0:0:0:
448,0,64415,1,0,1:0:0:0:
320,0,64475,1,0,1:0:0:0:
192,0,64534,1,0,1:0:0:0:
64,0,64564,1,0,1:0:0:0:
448,0,64594,1,0,1:0:0:0:
320,0,64653,1,0,1:0:0:0:
192,0,64653,1,0,1:0:0:0:
64,0,64713,1,0,1:0:0:0:
448,0,64743,1,0,1:0:0:0:
320,0,64772,1,0,1:0:0:0:
192,0,64832,1,0,1:0:0:0:
64,0,64892,1,0,1:0:0:0:
320,0,64951,1,0,1:0:0:0:
192,0,65011,1,0,1:0:0:0:
64,0,65011,1,0,1:0:0:0:
448,0,65070,1,0,1:0:0:0:
320,0,65130,1,0,1:0:0:0:
192,0,65189,1,0,1:0:0:0:
448,0,65249,1,0,1:0:0:0:
64,0,65278,1,0,1:0:0:0:
192,0,65308,1,0,1:0:0:0:
448,0,65368,1,0,1:0:0:0:
320,0,65368,1,0,1:0:0:0:
64,0,65427,1,0,1:0:0:0:
192,0,65457,1,0,1:0:0:0:
320,0,65487,1,0,1:0:0:0:
448,0,65546,1,0,1:0:0:0:
64,0,65606,1,0,1:0:0:0:
320,0,65665,1,0,1:0:0:0:
448,0,65725,1,0,1:0:0:0:
192,0,65725,1,0,1:0:0:0:
64,0,65784,1,0,1:0:0:0:
320,0,65844,1,0,1:0:0:0:
192,0,65903,1,0,1:0:0:0:
64,0,65963,1,0,1:0:0:0:
448,0,65993,1,0,1:0:0:0:
320,0,66022,1,0,1:0:0:0:
192,0,66082,1,0,1:0:0:0:
64,0,66082,1,0,1:0:0:0:
448,0,66142,1,0,1:0:0:0:
320,0,66171,1,0,1:0:0:0:
192,0,66201,1,0,1:0:0:0:
64,0,66261,1,0,1:0:0:0:
320,0,66320,1,0,1:0:0:0:
192,0,66380,1,0,1:0:0:0:
448,0,66439,1,0,1:0:0:0:
64,0,66439,1,0,1:0:0:0:
320,0,66499,1,0,1:0:0:0:
192,0,66558,1,0,1:0:0:0:
448,0,66618,1,0,1:0:0:0:
320,0,66677,1,0,1:0:0:0:
192,0,66707,1,0,1:0:0:0:
64,0,66737,1,0,1:0:0:0:
448,0,66796,1,0,1:0:0:0:
320,0,66796,1,0,1:0:0:0:
192,0,66856,1,0,1:0:0:0:
64,0,66886,1,0,1:0:0:0:
448,0,66915,1,0,1:0:0:0:
320,0,66975,1,0,1:0:0:0:
192,0,66975,1,0,1:0:0:0:
64,0,67034,1,0,1:0:0:0:
448,0,67094,1,0,1:0:0:0:
192,0,67153,1,0,1:0:0:0:
64,0,67153,1,0,1:0:0:0:
320,0,67213,1,0,1:0:0:0:
192,0,67272,1,0,1:0:0:0:
448,0,67332,1,0,1:0:0:0:
64,0,67332,1,0,1:0:0:0:
320,0,67392,1,0,1:0:0:0:
192,0,67451,1,0,1:0:0:0:
448,0,67511,1,0,1:0:0:0:
64,0,67511,1,0,1:0:0:0:
320,0,67570,1,0,1:0:0:0:
192,0,67630,1,0,1:0:0:0:
448,0,67689,1,0,1:0:0:0:
64,0,67749,1,0,1:0:0:0:
192,0,67808,1,0,1:0:0:0:
448,0,67868,1,0,1:0:0:0:
320,0,67868,1,0,1:0:0:0:
64,0,67927,1,0,1:0:0:0:
192,0,67987,1,0,1:0:0:0:
448,0,68046,1,0,1:0:0:0:
320,0,68046,1,0,1:0:0:0:
192,0,68106,1,0,1:0:0:0:
320,0,68165,1,0,1:0:0:0:
448,0,68225,1,0,1:0:0:0:
64,0,68225,1,0,1:0:0:0:
192,0,68284,1,0,1:0:0:0:
320,0,68344,1,0,1:0:0:0:
448,0,68403,1,0,1:0:0:0:
192,0,68463,1,0,1:0:0:0:
320,0,68522,1,0,1:0:0:0:
192,0,68582,1,0,1:0:0:0:
64,0,68582,1,0,1:0:0:0:
448,0,68642,1,0,1:0:0:0:
320,0,68701,1,0,1:0:0:0:
192,0,68761,1,0,1:0:0:0:
64,0,68761,1,0,1:0:0:0:
320,0,68820,1,0,1:0:0:0:
192,0,68880,1,0,1:0:0:0:
448,0,68939,1,0,1:0:0:0:
64,0,68939,1,0,1:0:0:0:
320,0,68999,1,0,1:0:0:0:
192,0,69058,1,0,1:0:0:0:
320,0,69118,1,0,1:0:0:0:
448,0,69177,1,0,1:0:0:0:
64,0,69237,1,0,1:0:0:0:
320,0,69296,1,0,1:0:0:0:
192,0,69296,1,0,1:0:0:0:
448,0,69356,1,0,1:0:0:0:
64,0,69415,1,0,1:0:0:0:
320,0,69475,1,0,1:0:0:0:
192,0,69475,1,0,1:0:0:0:
448,0,69534,1,0,1:0:0:0:
64,0,69594,1,0,1:0:0:0:
448,0,69653,1,0,1:0:0:0:
320,0,69653,1,0,1:0:0:0:
192,0,69713,1,0,1:0:0:0:
64,0,69772,1,0,1:0:0:0:
448,0,69832,1,0,1:0:0:0:
320,0,69892,1,0,1:0:0:0:
192,0,69951,1,0,1:0:0:0:
448,0,70011,1,0,1:0:0:0:
64,0,70011,1,0,1:0:0:0:
320,0,70070,1,0,1:0:0:0:
192,0,70130,1,0,1:0:0:0:
64,0,70189,1,0,1:0:0:0:
448,0,70249,1,0,1:0:0:0:
320,0,70278,1,0,1:0:0:0:
192,0,70308,1,0,1:0:0:0:
448,0,70368,1,0,1:0:0:0:
64,0,70368,1,0,1:0:0:0:
320,0,70427,1,0,1:0:0:0:
192,0,70457,1,0,1:0:0:0:
64,0,70487,1,0,1:0:0:0:
448,0,70546,1,0,1:0:0:0:
192,0,70606,1,0,1:0:0:0:
320,0,70665,1,0,1:0:0:0:
192,0,70725,1,0,1:0:0:0:
64,0,70725,1,0,1:0:0:0:
448,0,70784,1,0,1:0:0:0:
320,0,70844,1,0,1:0:0:0:
64,0,70903,1,0,1:0:0:0:
192,0,70963,1,0,1:0:0:0:
320,0,70993,1,0,1:0:0:0:
448,0,71022,1,0,1:0:0:0:
192,0,71082,1,0,1:0:0:0:
64,0,71082,1,0,1:0:0:0:
320,0,71142,1,0,1:0:0:0:
448,0,71171,1,0,1:0:0:0:
64,0,71201,1,0,1:0:0:0:
192,0,71261,1,0,1:0:0:0:
320,0,71320,1,0,1:0:0:0:
448,0,71380,1,0,1:0:0:0:
192,0,71439,1,0,1:0:0:0:
64,0,71439,1,0,1:0:0:0:
320,0,71499,1,0,1:0:0:0:
448,0,71558,1,0,1:0:0:0:
192,0,71618,1,0,1:0:0:0:
320,0,71677,1,0,1:0:0:0:
448,0,71707,1,0,1:0:0:0:
64,0,71737,1,0,1:0:0:0:
320,0,71796,1,0,1:0:0:0:
192,0,71796,1,0,1:0:0:0:
448,0,71856,1,0,1:0:0:0:
64,0,71886,1,0,1:0:0:0:
192,0,71915,1,0,1:0:0:0:
320,0,71975,1,0,1:0:0:0:
448,0,72034,1,0,1:0:0:0:
64,0,72094,1,0,1:0:0:0:
448,0,72153,1,0,1:0:0:0:
320,0,72153,1,0,1:0:0:0:
192,0,72213,1,0,1:0:0:0:
64,0,72272,1,0,1:0:0:0:
448,0,72332,1,0,1:0:0:0:
320,0,72392,1,0,1:0:0:0:
192,0,72421,1,0,1:0:0:0:
64,0,72451,1,0,1:0:0:0:
448,0,72511,1,0,1:0:0:0:
320,0,72511,1,0,1:0:0:0:
192,0,72570,1,0,1:0:0:0:
64,0,72600,1,0,1:0:0:0:
448,0,72630,1,0,1:0:0:0:
320,0,72689,1,0,1:0:0:0:
192,0,72749,1,0,1:0:0:0:
64,0,72808,1,0,1:0:0:0:
448,0,72868,1,0,1:0:0:0:
320,0,72868,1,0,1:0:0:0:
192,0,72927,1,0,1:0:0:0:
64,0,72987,1,0,1:0:0:0:
448,0,73046,1,0,1:0:0:0:
320,0,73106,1,0,1:0:0:0:
192,0,73136,1,0,1:0:0:0:
64,0,73165,1,0,1:0:0:0:
448,0,73225,1,0,1:0:0:0:
192,0,73284,1,0,1:0:0:0:
320,0,73314,1,0,1:0:0:0:
64,0,73344,1,0,1:0:0:0:
448,0,73403,1,0,1:0:0:0:
320,0,73463,1,0,1:0:0:0:
192,0,73493,1,0,1:0:0:0:
448,0,73522,1,0,1:0:0:0:
64,0,73582,1,0,1:0:0:0:
192,0,73642,1,0,1:0:0:0:
448,0,73671,1,0,1:0:0:0:
320,0,73701,1,0,1:0:0:0:
64,0,73761,1,0,1:0:0:0:
192,0,73820,1,0,1:0:0:0:
320,0,73850,1,0,1:0:0:0:
448,0,73880,1,0,1:0:0:0:
64,0,73939,1,0,1:0:0:0:
320,0,73999,1,0,1:0:0:0:
192,0,74028,1,0,1:0:0:0:
448,0,74058,1,0,1:0:0:0:
64,0,74118,1,0,1:0:0:0:
192,0,74177,1,0,1:0:0:0:
320,0,74237,1,0,1:0:0:0:
448,0,74296,1,0,1:0:0:0:
64,0,74356,1,0,1:0:0:0:
192,0,74415,1,0,1:0:0:0:
448,0,74475,1,0,1:0:0:0:
64,0,74534,1,0,1:0:0:0:
192,0,74564,1,0,1:0:0:0:
320,0,74594,1,0,1:0:0:0:
448,0,74653,1,0,1:0:0:0:
192,0,74713,1,0,1:0:0:0:
64,0,74743,1,0,1:0:0:0:
320,0,74772,1,0,1:0:0:0:
448,0,74832,1,0,1:0:0:0:
192,0,74892,1,0,1:0:0:0:
320,0,74921,1,0,1:0:0:0:
64,0,74951,1,0,1:0:0:0:
448,0,75011,1,0,1:0:0:0:
320,0,75070,1,0,1:0:0:0:
192,0,75100,1,0,1:0:0:0:
64,0,75130,1,0,1:0:0:0:
320,0,75189,1,0,1:0:0:0:
192,0,75249,1,0,1:0:0:0:
448,0,75278,1,0,1:0:0:0:
64,0,75308,1,0,1:0:0:0:
320,0,75368,1,0,1:0:0:0:
448,0,75427,1,0,1:0:0:0:
192,0,75457,1,0,1:0:0:0:
64,0,75487,1,0,1:0:0:0:
320,0,75546,1,0,1:0:0:0:
192,0,75606,1,0,1:0:0:0:
448,0,75665,1,0,1:0:0:0:
320,0,75725,1,0,1:0:0:0:
192,0,75784,1,0,1:0:0:0:
64,0,75844,1,0,1:0:0:0:
448,0,75903,1,0,1:0:0:0:
192,0,75963,1,0,1:0:0:0:
320,0,75993,1,0,1:0:0:0:
448,0,76022,1,0,1:0:0:0:
64,0,76082,1,0,1:0:0:0:
192,0,76142,1,0,1:0:0:0:
320,0,76171,1,0,1:0:0:0:
448,0,76201,1,0,1:0:0:0:
64,0,76261,1,0,1:0:0:0:
192,0,76320,1,0,1:0:0:0:
448,0,76350,1,0,1:0:0:0:
320,0,76380,1,0,1:0:0:0:
192,0,76439,1,0,1:0:0:0:
64,0,76499,1,0,1:0:0:0:
448,0,76528,1,0,1:0:0:0:
320,0,76558,1,0,1:0:0:0:
192,0,76618,1,0,1:0:0:0:
448,0,76677,1,0,1:0:0:0:
320,0,76707,1,0,1:0:0:0:
192,0,76737,1,0,1:0:0:0:
64,0,76796,1,0,1:0:0:0:
448,0,76856,1,0,1:0:0:0:
192,0,76886,1,0,1:0:0:0:
320,0,76915,1,0,1:0:0:0:
448,0,76975,1,0,1:0:0:0:
64,0,77034,1,0,1:0:0:0:
192,0,77094,1,0,1:0:0:0:
320,0,77153,1,0,1:0:0:0:
448,0,77213,1,0,1:0:0:0:
64,0,77272,1,0,1:0:0:0:
448,0,77332,1,0,1:0:0:0:
320,0,77392,1,0,1:0:0:0:
192,0,77421,1,0,1:0:0:0:
64,0,77451,1,0,1:0:0:0:
448,0,77511,1,0,1:0:0:0:
192,0,77570,1,0,1:0:0:0:
64,0,77600,1,0,1:0:0:0:
320,0,77630,1,0,1:0:0:0:
192,0,77689,1,0,1:0:0:0:
320,0,77749,1,0,1:0:0:0:
448,0,77778,1,0,1:0:0:0:
64,0,77808,1,0,1:0:0:0:
192,0,77868,1,0,1:0:0:0:
320,0,77927,1,0,1:0:0:0:
448,0,77957,1,0,1:0:0:0:
64,0,77987,1,0,1:0:0:0:
192,0,78046,1,0,1:0:0:0:
448,0,78106,1,0,1:0:0:0:
320,0,78136,1,0,1:0:0:0:
64,0,78165,1,0,1:0:0:0:
192,0,78225,1,0,1:0:0:0:
320,0,78284,1,0,1:0:0:0:
448,0,78314,1,0,1:0:0:0:
64,0,78344,1,0,1:0:0:0:
192,0,78403,1,0,1:0:0:0:
448,0,78463,1,0,1:0:0:0:
320,0,78522,1,0,1:0:0:0:
192,0,78582,1,0,1:0:0:0:
64,0,78642,1,0,1:0:0:0:
448,0,78671,1,0,1:0:0:0:
320,0,78701,1,0,1:0:0:0:
192,0,78761,1,0,1:0:0:0:
64,0,78820,1,0,1:0:0:0:
448,0,78850,1,0,1:0:0:0:
320,0,78880,1,0,1:0:0:0:
192,0,78939,1,0,1:0:0:0:
448,0,78999,1,0,1:0:0:0:
64,0,79028,1,0,1:0:0:0:
320,0,79058,1,0,1:0:0:0:
192,0,79118,1,0,1:0:0:0:
448,0,79177,1,0,1:0:0:0:
320,0,79207,1,0,1:0:0:0:
64,0,79237,1,0,1:0:0:0:
192,0,79296,1,0,1:0:0:0:
320,0,79356,1,0,1:0:0:0:
448,0,79386,1,0,1:0:0:0:
64,0,79415,1,0,1:0:0:0:
192,0,79475,1,0,1:0:0:0:
320,0,79534,1,0,1:0:0:0:
64,0,79564,1,0,1:0:0:0:
448,0,79594,1,0,1:0:0:0:
192,0,79653,1,0,1:0:0:0:
320,0,79713,1,0,1:0:0:0:
64,0,79743,1,0,1:0:0:0:
448,0,79772,1,0,1:0:0:0:
192,0,79832,1,0,1:0:0:0:
64,0,79892,1,0,1:0:0:0:
448,0,79921,1,0,1:0:0:0:
320,0,79951,1,0,1:0:0:0:
192,0,80011,1,0,1:0:0:0:
64,0,80070,1,0,1:0:0:0:
448,0,80100,1,0,1:0:0:0:
320,0,80130,1,0,1:0:0:0:
192,0,80189,1,0,1:0:0:0:
448,0,80249,1,0,1:0:0:0:
320,0,80278,1,0,1:0:0:0:
64,0,80308,1,0,1:0:0:0:
192,0,80368,1,0,1:0:0:0:
320,0,80427,1,0,1:0:0:0:
448,0,80457,1,0,1:0:0:0:
64,0,80487,1,0,1:0:0:0:
192,0,80546,1,0,1:0:0:0:
320,0,80606,1,0,1:0:0:0:
448,0,80636,1,0,1:0:0:0:
64,0,80665,1,0,1:0:0:0:
192,0,80725,1,0,1:0:0:0:
448,0,80784,1,0,1:0:0:0:
320,0,80814,1,0,1:0:0:0:
192,0,80844,1,0,1:0:0:0:
64,0,80903,1,0,1:0:0:0:
448,0,80963,1,0,1:0:0:0:
192,0,80993,1,0,1:0:0:0:
320,0,81022,1,0,1:0:0:0:
64,0,81082,1,0,1:0:0:0:
448,0,81142,1,0,1:0:0:0:
192,0,81171,1,0,1:0:0:0:
320,0,81201,1,0,1:0:0:0:
64,0,81261,1,0,1:0:0:0:
192,0,81320,1,0,1:0:0:0:
448,0,81350,1,0,1:0:0:0:
320,0,81380,1,0,1:0:0:0:
64,0,81439,1,0,1:0:0:0:
192,0,81499,1,0,1:0:0:0:
320,0,81528,1,0,1:0:0:0:
448,0,81558,1,0,1:0:0:0:
64,0,81618,1,0,1:0:0:0:
320,0,81677,1,0,1:0:0:0:
448,0,81707,1,0,1:0:0:0:
192,0,81737,1,0,1:0:0:0:
64,0,81796,1,0,1:0:0:0:
320,0,81856,1,0,1:0:0:0:
192,0,81886,1,0,1:0:0:0:
448,0,81915,1,0,1:0:0:0:
64,0,81975,1,0,1:0:0:0:
192,0,82034,1,0,1:0:0:0:
320,0,82064,1,0,1:0:0:0:
448,0,82094,1,0,1:0:0:0:
64,0,82153,1,0,1:0:0:0:
320,0,82213,1,0,1:0:0:0:
448,0,82243,1,0,1:0:0:0:
192,0,82272,1,0,1:0:0:0:
64,0,82332,1,0,1:0:0:0:
448,0,82392,1,0,1:0:0:0:
320,0,82421,1,0,1:0:0:0:
192,0,82451,1,0,1:0:0:0:
64,0,82511,1,0,1:0:0:0:
320,0,82570,1,0,1:0:0:0:
448,0,82600,1,0,1:0:0:0:
192,0,82630,1,0,1:0:0:0:
64,0,82689,1,0,1:0:0:0:
320,0,82749,1,0,1:0:0:0:
192,0,82778,1,0,1:0:0:0:
448,0,82808,1,0,1:0:0:0:
320,0,82868,1,0,1:0:0:0:
64,0,82927,1,0,1:0:0:0:
192,0,82957,1,0,1:0:0:0:
320,0,82987,1,0,1:0:0:0:
448,0,83046,1,0,1:0:0:0:
64,0,83106,1,0,1:0:0:0:
192,0,83136,1,0,1:0:0:0:
320,0,83165,1,0,1:0:0:0:
448,0,83225,1,0,1:0:0:0:
64,0,83284,1,0,1:0:0:0:
320,0,83314,1,0,1:0:0:0:
192,0,83344,1,0,1:0:0:0:
448,0,83403,1,0,1:0:0:0:
320,0,83463,1,0,1:0:0:0:
192,0,83493,1,0,1:0:0:0:
64,0,83522,1,0,1:0:0:0:
448,0,83582,1,0,1:0:0:0:
192,0,83642,1,0,1:0:0:0:
320,0,83671,1,0,1:0:0:0:
64,0,83701,1,0,1:0:0:0:
448,0,83761,1,0,1:0:0:0:
192,0,83820,1,0,1:0:0:0:
320,0,83850,1,0,1:0:0:0:
64,0,83880,1,0,1:0:0:0:
448,0,83939,1,0,1:0:0:0:
320,0,83999,1,0,1:0:0:0:
192,0,84028,1,0,1:0:0:0:
64,0,84058,1,0,1:0:0:0:
320,0,84118,1,0,1:0:0:0:
192,0,84177,1,0,1:0:0:0:
448,0,84207,1,0,1:0:0:0:
64,0,84237,1,0,1:0:0:0:
320,0,84296,1,0,1:0:0:0:
192,0,84356,1,0,1:0:0:0:
64,0,84415,1,0,1:0:0:0:
448,0,84475,1,0,1:0:0:0:
192,0,84534,1,0,1:0:0:0:
448,0,84564,1,0,1:0:0:0:
320,0,84594,1,0,1:0:0:0:
64,0,84653,1,0,1:0:0:0:
192,0,84713,1,0,1:0:0:0:
320,0,84772,1,0,1:0:0:0:
448,0,84832,1,0,1:0:0:0:
64,0,84892,1,0,1:0:0:0:
192,0,84951,1,0,1:0:0:0:
320,0,85011,1,0,1:0:0:0:
448,0,85070,1,0,1:0:0:0:
192,0,85130,1,0,1:0:0:0:
448,0,85189,1,0,1:0:0:0:
64,0,85189,1,0,1:0:0:0:
320,0,85249,1,0,1:0:0:0:
192,0,85278,1,0,1:0:0:0:
448,0,85368,1,0,1:0:0:0:
64,0,85368,1,0,1:0:0:0:
320,0,85412,1,0,1:0:0:0:
192,0,85427,1,0,1:0:0:0:
64,0,85457,1,0,1:0:0:0:
448,0,85487,1,0,1:0:0:0:
320,0,85502,1,0,1:0:0:0:
192,0,85546,1,0,1:0:0:0:
64,0,85546,1,0,1:0:0:0:
448,0,85591,1,0,1:0:0:0:
320,0,85606,1,0,1:0:0:0:
192,0,85636,1,0,1:0:0:0:
64,0,85665,1,0,1:0:0:0:
448,0,85680,1,0,1:0:0:0:
320,0,85725,1,0,1:0:0:0:
192,0,85725,1,0,1:0:0:0:
64,0,85814,1,0,1:0:0:0:
320,0,85903,1,0,1:0:0:0:
192,0,85993,1,0,1:0:0:0:
448,0,86082,1,0,1:0:0:0:
64,0,86082,1,0,1:0:0:0:
320,0,86171,1,0,1:0:0:0:
192,0,86261,1,0,1:0:0:0:
320,0,86350,1,0,1:0:0:0:
448,0,86439,1,0,1:0:0:0:
64,0,86439,1,0,1:0:0:0:
192,0,86528,1,0,1:0:0:0:
320,0,86618,1,0,1:0:0:0:
448,0,86707,1,0,1:0:0:0:
192,0,86796,1,0,1:0:0:0:
64,0,86796,1,0,1:0:0:0:
320,0,86886,1,0,1:0:0:0:
448,0,86975,1,0,1:0:0:0:
64,0,87064,1,0,1:0:0:0:
448,0,87153,1,0,1:0:0:0:
192,0,87153,1,0,1:0:0:0:
320,0,87243,1,0,1:0:0:0:
192,0,87332,1,0,1:0:0:0:
64,0,87421,1,0,1:0:0:0:
448,0,87511,1,0,1:0:0:0:
320,0,87511,1,0,1:0:0:0:
192,0,87600,1,0,1:0:0:0:
448,0,87689,1,0,1:0:0:0:
64,0,87778,1,0,1:0:0:0:
320,0,87868,1,0,1:0:0:0:
192,0,87868,1,0,1:0:0:0:
448,0,87957,1,0,1:0:0:0:
64,0,88046,1,0,1:0:0:0:
320,0,88136,1,0,1:0:0:0:
192,0,88225,1,0,1:0:0:0:
64,0,88225,1,0,1:0:0:0:
448,0,88314,1,0,1:0:0:0:
320,0,88403,1,0,1:0:0:0:
192,0,88493,1,0,1:0:0:0:
448,0,88582,1,0,1:0:0:0:
64,0,88582,1,0,1:0:0:0:
320,0,88671,1,0,1:0:0:0:
192,0,88761,1,0,1:0:0:0:
320,0,88850,1,0,1:0:0:0:
448,0,88939,1,0,1:0:0:0:
64,0,88939,1,0,1:0:0:0:
192,0,89028,1,0,1:0:0:0:
320,0,89118,1,0,1:0:0:0:
192,0,89207,1,0,1:0:0:0:
448,0,89296,1,0,1:0:0:0:
64,0,89296,1,0,1:0:0:0:
320,0,89386,1,0,1:0:0:0:
192,0,89475,1,0,1:0:0:0:
64,0,89564,1,0,1:0:0:0:
448,0,89653,1,0,1:0:0:0:
320,0,89653,1,0,1:0:0:0:
192,0,89743,1,0,1:0:0:0:
448,0,89832,1,0,1:0:0:0:
320,0,89921,1,0,1:0:0:0:
192,0,90011,1,0,1:0:0:0:
64,0,90011,1,0,1:0:0:0:
448,0,90100,1,0,1:0:0:0:
192,0,90189,1,0,1:0:0:0:
320,0,90278,1,0,1:0:0:0:
448,0,90368,1,0,1:0:0:0:
64,0,90368,1,0,1:0:0:0:
192,0,90457,1,0,1:0:0:0:
320,0,90546,1,0,1:0:0:0:
448,0,90636,1,0,1:0:0:0:
192,0,90725,1,0,1:0:0:0:
64,0,90725,1,0,1:0:0:0:
320,0,90814,1,0,1:0:0:0:
192,0,90903,1,0,1:0:0:0:
448,0,90993,1,0,1:0:0:0:
192,0,91082,1,0,1:0:0:0:
64,0,91082,1,0,1:0:0:0:
320,0,91171,1,0,1:0:0:0:
448,0,91261,1,0,1:0:0:0:
64,0,91261,1,0,1:0:0:0:
192,0,91350,1,0,1:0:0:0:
448,0,91439,1,0,1:0:0:0:
320,0,91439,1,0,1:0:0:0:
192,0,91528,1,0,1:0:0:0:
64,0,91618,1,0,1:0:0:0:
448,0,91707,1,0,1:0:0:0:
320,0,91796,1,0,1:0:0:0:
192,0,91796,1,0,1:0:0:0:
64,0,91886,1,0,1:0:0:0:
320,0,91975,1,0,1:0:0:0:
192,0,92064,1,0,1:0:0:0:
448,0,92153,1,0,1:0:0:0:
64,0,92153,1,0,1:0:0:0:
320,0,92243,1,0,1:0:0:0:
192,0,92332,1,0,1:0:0:0:
320,0,92421,1,0,1:0:0:0:
448,0,92511,1,0,1:0:0:0:
64,0,92511,1,0,1:0:0:0:
192,0,92600,1,0,1:0:0:0:
320,0,92689,1,0,1:0:0:0:
448,0,92778,1,0,1:0:0:0:
192,0,92868,1,0,1:0:0:0:
64,0,92868,1,0,1:0:0:0:
320,0,92957,1,0,1:0:0:0:
192,0,93046,1,0,1:0:0:0:
448,0,93136,1,0,1:0:0:0:
320,0,93225,1,0,1:0:0:0:
192,0,93225,1,0,1:0:0:0:
64,0,93314,1,0,1:0:0:0:
448,0,93403,1,0,1:0:0:0:
320,0,93493,1,0,1:0:0:0:
192,0,93582,1,0,1:0:0:0:
64,0,93582,1,0,1:0:0:0:
320,0,93671,1,0,1:0:0:0:
448,0,93761,1,0,1:0:0:0:
192,0,93850,1,0,1:0:0:0:
448,0,93939,1,0,1:0:0:0:
64,0,93939,1,0,1:0:0:0:
320,0,94028,1,0,1:0:0:0:
192,0,94118,1,0,1:0:0:0:
64,0,94207,1,0,1:0:0:0:
448,0,94296,1,0,1:0:0:0:
320,0,94296,1,0,1:0:0:0:
192,0,94386,1,0,1:0:0:0:
320,0,94475,1,0,1:0:0:0:
64,0,94564,1,0,1:0:0:0:
320,0,94653,1,0,1:0:0:0:
192,0,94653,1,0,1:0:0:0:
448,0,94743,1,0,1:0:0:0:
64,0,94832,1,0,1:0:0:0:
192,0,94921,1,0,1:0:0:0:
448,0,95011,1,0,1:0:0:0:
320,0,95011,1,0,1:0:0:0:
192,0,95100,1,0,1:0:0:0:
320,0,95189,1,0,1:0:0:0:
64,0,95278,1,0,1:0:0:0:
448,0,95368,1,0,1:0:0:0:
192,0,95368,1,0,1:0:0:0:
320,0,95457,1,0,1:0:0:0:
64,0,95546,1,0,1:0:0:0:
192,0,95636,1,0,1:0:0:0:
448,0,95725,1,0,1:0:0:0:
320,0,95725,1,0,1:0:0:0:
64,0,95814,1,0,1:0:0:0:
192,0,95903,1,0,1:0:0:0:
320,0,95993,1,0,1:0:0:0:
448,0,96082,1,0,1:0:0:0:
64,0,96082,1,0,1:0:0:0:
192,0,96171,1,0,1:0:0:0:
320,0,96261,1,0,1:0:0:0:
448,0,96350,1,0,1:0:0:0:
192,0,96439,1,0,1:0:0:0:
64,0,96439,1,0,1:0:0:0:
320,0,96528,1,0,1:0:0:0:
192,0,96618,1,0,1:0:0:0:
64,0,96618,1,0,1:0:0:0:
320,0,96707,1,0,1:0:0:0:
448,0,96796,1,0,1:0:0:0:
64,0,96796,1,0,1:0:0:0:
320,0,96856,1,0,1:0:0:0:
192,0,96915,1,0,1:0:0:0:
448,0,96975,1,0,1:0:0:0:
64,0,96975,1,0,1:0:0:0:
320,0,97034,1,0,1:0:0:0:
192,0,97094,1,0,1:0:0:0:
448,0,97153,1,0,1:0:0:0:
64,0,97153,1,0,1:0:0:0:
320,0,97243,1,0,1:0:0:0:
448,0,97332,1,0,1:0:0:0:
192,0,97332,1,0,1:0:0:0:
320,0,97421,1,0,1:0:0:0:
192,0,97511,1,0,1:0:0:0:
64,0,97511,1,0,1:0:0:0:
320,0,97600,1,0,1:0:0:0:
192,0,97689,1,0,1:0:0:0:
64,0,97778,1,0,1:0:0:0:
448,0,97868,1,0,1:0:0:0:
320,0,97868,1,0,1:0:0:0:
192,0,97957,1,0,1:0:0:0:
448,0,98046,1,0,1:0:0:0:
320,0,98046,1,0,1:0:0:0:
192,0,98136,1,0,1:0:0:0:
64,0,98136,1,0,1:0:0:0:
448,0,98225,1,0,1:0:0:0:
320,0,98225,1,0,1:0:0:0:
64,0,98314,1,0,1:0:0:0:
192,0,98403,1,0,1:0:0:0:
320,0,98493,1,0,1:0:0:0:
448,0,98582,1,0,1:0:0:0:
64,0,98582,1,0,1:0:0:0:
320,0,98671,1,0,1:0:0:0:
192,0,98671,1,0,1:0:0:0:
448,0,98761,1,0,1:0:0:0:
64,0,98761,1,0,1:0:0:0:
192,0,98850,1,0,1:0:0:0:
448,0,98939,1,0,1:0:0:0:
320,0,98939,1,0,1:0:0:0:
192,0,99028,1,0,1:0:0:0:
448,0,99118,1,0,1:0:0:0:
320,0,99207,1,0,1:0:0:0:
192,0,99296,1,0,1:0:0:0:
64,0,99296,1,0,1:0:0:0:
320,0,99386,1,0,1:0:0:0:
448,0,99475,1,0,1:0:0:0:
64,0,99475,1,0,1:0:0:0:
320,0,99564,1,0,1:0:0:0:
192,0,99653,1,0,1:0:0:0:
64,0,99653,1,0,1:0:0:0:
448,0,99743,1,0,1:0:0:0:
320,0,99832,1,0,1:0:0:0:
192,0,99921,1,0,1:0:0:0:
448,0,100011,1,0,1:0:0:0:
64,0,100011,1,0,1:0:0:0:
320,0,100100,1,0,1:0:0:0:
192,0,100189,1,0,1:0:0:0:
320,0,100278,1,0,1:0:0:0:
448,0,100368,1,0,1:0:0:0:
64,0,100368,1,0,1:0:0:0:
192,0,100457,1,0,1:0:0:0:
320,0,100546,1,0,1:0:0:0:
448,0,100636,1,0,1:0:0:0:
192,0,100725,1,0,1:0:0:0:
64,0,100725,1,0,1:0:0:0:
320,0,100814,1,0,1:0:0:0:
192,0,100903,1,0,1:0:0:0:
448,0,100993,1,0,1:0:0:0:
320,0,101082,1,0,1:0:0:0:
192,0,101082,1,0,1:0:0:0:
64,0,101171,1,0,1:0:0:0:
448,0,101261,1,0,1:0:0:0:
192,0,101350,1,0,1:0:0:0:
448,0,101439,1,0,1:0:0:0:
320,0,101439,1,0,1:0:0:0:
64,0,101528,1,0,1:0:0:0:
192,0,101618,1,0,1:0:0:0:
320,0,101707,1,0,1:0:0:0:
448,0,101796,1,0,1:0:0:0:
64,0,101796,1,0,1:0:0:0:
192,0,101886,1,0,1:0:0:0:
320,0,101975,1,0,1:0:0:0:
192,0,102064,1,0,1:0:0:0:
448,0,102153,1,0,1:0:0:0:
64,0,102153,1,0,1:0:0:0:
320,0,102243,1,0,1:0:0:0:
192,0,102332,1,0,1:0:0:0:
320,0,102421,1,0,1:0:0:0:
448,0,102511,1,0,1:0:0:0:
64,0,102511,1,0,1:0:0:0:
192,0,102600,1,0,1:0:0:0:
320,0,102689,1,0,1:0:0:0:
448,0,102778,1,0,1:0:0:0:
192,0,102868,1,0,1:0:0:0:
64,0,102868,1,0,1:0:0:0:
448,0,102957,1,0,1:0:0:0:
320,0,102957,1,0,1:0:0:0:
192,0,103046,1,0,1:0:0:0:
64,0,103046,1,0,1:0:0:0:
320,0,103136,1,0,1:0:0:0:
448,0,103225,1,0,1:0:0:0:
64,0,103225,1,0,1:0:0:0:
192,0,103314,1,0,1:0:0:0:
448,0,103403,1,0,1:0:0:0:
320,0,103493,1,0,1:0:0:0:
192,0,103582,1,0,1:0:0:0:
64,0,103582,1,0,1:0:0:0:
448,0,103671,1,0,1:0:0:0:
320,0,103761,1,0,1:0:0:0:
192,0,103761,1,0,1:0:0:0:
448,0,103850,1,0,1:0:0:0:
64,0,103850,1,0,1:0:0:0:
320,0,103939,1,0,1:0:0:0:
192,0,103939,1,0,1:0:0:0:
64,0,104028,1,0,1:0:0:0:
448,0,104118,1,0,1:0:0:0:
320,0,104207,1,0,1:0:0:0:
192,0,104296,1,0,1:0:0:0:
64,0,104296,1,0,1:0:0:0:
448,0,104386,1,0,1:0:0:0:
320,0,104386,1,0,1:0:0:0:
192,0,104475,1,0,1:0:0:0:
64,0,104475,1,0,1:0:0:0:
448,0,104564,1,0,1:0:0:0:
320,0,104653,1,0,1:0:0:0:
192,0,104653,1,0,1:0:0:0:
64,0,104743,1,0,1:0:0:0:
448,0,104832,1,0,1:0:0:0:
192,0,104921,1,0,1:0:0:0:
448,0,105011,1,0,1:0:0:0:
320,0,105011,1,0,1:0:0:0:
64,0,105100,1,0,1:0:0:0:
448,0,105189,1,0,1:0:0:0:
320,0,105189,1,0,1:0:0:0:
192,0,105278,1,0,1:0:0:0:
64,0,105278,1,0,1:0:0:0:
448,0,105368,1,0,1:0:0:0:
320,0,105368,1,0,1:0:0:0:
64,0,105457,1,0,1:0:0:0:
192,0,105546,1,0,1:0:0:0:
320,0,105636,1,0,1:0:0:0:
448,0,105725,1,0,1:0:0:0:
64,0,105725,1,0,1:0:0:0:
192,0,105814,1,0,1:0:0:0:
320,0,105903,1,0,1:0:0:0:
192,0,105993,1,0,1:0:0:0:
448,0,106082,1,0,1:0:0:0:
320,0,106082,1,0,1:0:0:0:
64,0,106171,1,0,1:0:0:0:
448,0,106261,1,0,1:0:0:0:
320,0,106350,1,0,1:0:0:0:
192,0,106439,1,0,1:0:0:0:
64,0,106439,1,0,1:0:0:0:
448,0,106528,1,0,1:0:0:0:
192,0,106618,1,0,1:0:0:0:
320,0,106707,1,0,1:0:0:0:
448,0,106796,1,0,1:0:0:0:
64,0,106796,1,0,1:0:0:0:
192,0,106886,1,0,1:0:0:0:
320,0,106975,1,0,1:0:0:0:
448,0,107064,1,0,1:0:0:0:
192,0,107153,1,0,1:0:0:0:
64,0,107153,1,0,1:0:0:0:
320,0,107243,1,0,1:0:0:0:
192,0,107332,1,0,1:0:0:0:
64,0,107421,1,0,1:0:0:0:
448,0,107511,1,0,1:0:0:0:
320,0,107511,1,0,1:0:0:0:
192,0,107600,1,0,1:0:0:0:
448,0,107689,1,0,1:0:0:0:
320,0,107778,1,0,1:0:0:0:
192,0,107868,1,0,1:0:0:0:
64,0,107868,1,0,1:0:0:0:
448,0,107957,1,0,1:0:0:0:
64,0,108046,1,0,1:0:0:0:
192,0,108136,1,0,1:0:0:0:
448,0,108225,1,0,1:0:0:0:
320,0,108225,1,0,1:0:0:0:
64,0,108284,1,0,1:0:0:0:
192,0,108344,1,0,1:0:0:0:
448,0,108403,1,0,1:0:0:0:
320,0,108403,1,0,1:0:0:0:
64,0,108463,1,0,1:0:0:0:
192,0,108522,1,0,1:0:0:0:
448,0,108582,1,0,1:0:0:0:
320,0,108582,1,0,1:0:0:0:
192,0,108671,1,0,1:0:0:0:
64,0,108671,1,0,1:0:0:0:
448,0,108761,1,0,1:0:0:0:
320,0,108761,1,0,1:0:0:0:
64,0,108850,1,0,1:0:0:0:
320,0,108939,1,0,1:0:0:0:
192,0,108939,1,0,1:0:0:0:
448,0,109028,1,0,1:0:0:0:
64,0,109118,1,0,1:0:0:0:
320,0,109207,1,0,1:0:0:0:
192,0,109296,1,0,1:0:0:0:
64,0,109296,1,0,1:0:0:0:
448,0,109386,1,0,1:0:0:0:
192,0,109475,1,0,1:0:0:0:
64,0,109475,1,0,1:0:0:0:
448,0,109564,1,0,1:0:0:0:
320,0,109564,1,0,1:0:0:0:
192,0,109653,1,0,1:0:0:0:
64,0,109653,1,0,1:0:0:0:
320,0,109743,1,0,1:0:0:0:
448,0,109832,1,0,1:0:0:0:
64,0,109921,1,0,1:0:0:0:
320,0,110011,1,0,1:0:0:0:
192,0,110011,1,0,1:0:0:0:
448,0,110100,1,0,1:0:0:0:
64,0,110100,1,0,1:0:0:0:
320,0,110189,1,0,1:0:0:0:
192,0,110189,1,0,1:0:0:0:
448,0,110278,1,0,1:0:0:0:
192,0,110368,1,0,1:0:0:0:
64,0,110368,1,0,1:0:0:0:
320,0,110457,1,0,1:0:0:0:
448,0,110546,1,0,1:0:0:0:
192,0,110636,1,0,1:0:0:0:
448,0,110725,1,0,1:0:0:0:
320,0,110725,1,0,1:0:0:0:
64,0,110814,1,0,1:0:0:0:
448,0,110903,1,0,1:0:0:0:
192,0,110903,1,0,1:0:0:0:
64,0,110993,1,0,1:0:0:0:
448,0,111082,1,0,1:0:0:0:
320,0,111082,1,0,1:0:0:0:
192,0,111171,1,0,1:0:0:0:
64,0,111261,1,0,1:0:0:0:
448,0,111350,1,0,1:0:0:0:
320,0,111439,1,0,1:0:0:0:
192,0,111499,1,0,1:0:0:0:
320,0,111558,1,0,1:0:0:0:
192,0,111618,1,0,1:0:0:0:
320,0,111677,1,0,1:0:0:0:
192,0,111737,1,0,1:0:0:0:
320,0,111796,1,0,1:0:0:0:
192,0,111856,1,0,1:0:0:0:
320,0,111915,1,0,1:0:0:0:
192,0,111975,1,0,1:0:0:0:
320,0,112034,1,0,1:0:0:0:
192,0,112094,1,0,1:0:0:0:
448,0,112153,1,0,1:0:0:0:
64,0,112213,1,0,1:0:0:0:
448,0,112272,1,0,1:0:0:0:
64,0,112332,1,0,1:0:0:0:
448,0,112392,1,0,1:0:0:0:
64,0,112451,1,0,1:0:0:0:
448,0,112511,1,0,1:0:0:0:
64,0,112570,1,0,1:0:0:0:
448,0,112630,1,0,1:0:0:0:
64,0,112689,1,0,1:0:0:0:
448,0,112749,1,0,1:0:0:0:
64,0,112808,1,0,1:0:0:0:
320,0,112868,1,0,1:0:0:0:
64,0,112927,1,0,1:0:0:0:
320,0,112987,1,0,1:0:0:0:
64,0,113046,1,0,1:0:0:0:
320,0,113106,1,0,1:0:0:0:
64,0,113165,1,0,1:0:0:0:
320,0,113225,1,0,1:0:0:0:
64,0,113284,1,0,1:0:0:0:
320,0,113344,1,0,1:0:0:0:
64,0,113403,1,0,1:0:0:0:
320,0,113463,1,0,1:0:0:0:
64,0,113522,1,0,1:0:0:0:
448,0,113582,1,0,1:0:0:0:
192,0,113642,1,0,1:0:0:0:
448,0,113701,1,0,1:0:0:0:
192,0,113761,1,0,1:0:0:0:
448,0,113820,1,0,1:0:0:0:
192,0,113880,1,0,1:0:0:0:
448,0,113939,1,0,1:0:0:0:
192,0,113999,1,0,1:0:0:0:
448,0,114058,1,0,1:0:0:0:
192,0,114118,1,0,1:0:0:0:
448,0,114177,1,0,1:0:0:0:
192,0,114237,1,0,1:0:0:0:
448,0,114296,1,0,1:0:0:0:
320,0,114296,1,0,1:0:0:0:
192,0,114386,1,0,1:0:0:0:
64,0,114386,1,0,1:0:0:0:
448,0,114475,1,0,1:0:0:0:
320,0,114475,1,0,1:0:0:0:
64,0,114564,1,0,1:0:0:0:
320,0,114653,1,0,1:0:0:0:
192,0,114653,1,0,1:0:0:0:
448,0,114743,1,0,1:0:0:0:
64,0,114832,1,0,1:0:0:0:
192,0,114921,1,0,1:0:0:0:
448,0,115011,1,0,1:0:0:0:
320,0,115011,1,0,1:0:0:0:
64,0,115100,1,0,1:0:0:0:
320,0,115189,1,0,1:0:0:0:
192,0,115189,1,0,1:0:0:0:
448,0,115278,1,0,1:0:0:0:
192,0,115368,1,0,1:0:0:0:
64,0,115368,1,0,1:0:0:0:
320,0,115457,1,0,1:0:0:0:
192,0,115546,1,0,1:0:0:0:
320,0,115636,1,0,1:0:0:0:
448,0,115725,1,0,1:0:0:0:
64,0,115725,1,0,1:0:0:0:
320,0,115814,1,0,1:0:0:0:
192,0,115814,1,0,1:0:0:0:
448,0,115903,1,0,1:0:0:0:
64,0,115903,1,0,1:0:0:0:
192,0,115993,1,0,1:0:0:0:
448,0,116082,1,0,1:0:0:0:
320,0,116082,1,0,1:0:0:0:
64,0,116171,1,0,1:0:0:0:
192,0,116261,1,0,1:0:0:0:
320,0,116350,1,0,1:0:0:0:
448,0,116439,1,0,1:0:0:0:
64,0,116439,1,0,1:0:0:0:
192,0,116528,1,0,1:0:0:0:
448,0,116618,1,0,1:0:0:0:
320,0,116618,1,0,1:0:0:0:
192,0,116707,1,0,1:0:0:0:
64,0,116707,1,0,1:0:0:0:
448,0,116796,1,0,1:0:0:0:
320,0,116796,1,0,1:0:0:0:
192,0,116886,1,0,1:0:0:0:
64,0,116975,1,0,1:0:0:0:
192,0,117064,1,0,1:0:0:0:
448,0,117153,1,0,1:0:0:0:
192,0,117213,1,0,1:0:0:0:
448,0,117272,1,0,1:0:0:0:
192,0,117332,1,0,1:0:0:0:
448,0,117392,1,0,1:0:0:0:
192,0,117451,1,0,1:0:0:0:
448,0,117511,1,0,1:0:0:0:
192,0,117570,1,0,1:0:0:0:
448,0,117630,1,0,1:0:0:0:
192,0,117689,1,0,1:0:0:0:
448,0,117749,1,0,1:0:0:0:
192,0,117808,1,0,1:0:0:0:
320,0,117868,1,0,1:0:0:0:
64,0,117927,1,0,1:0:0:0:
320,0,117987,1,0,1:0:0:0:
64,0,118046,1,0,1:0:0:0:
320,0,118106,1,0,1:0:0:0:
64,0,118165,1,0,1:0:0:0:
320,0,118225,1,0,1:0:0:0:
64,0,118284,1,0,1:0:0:0:
320,0,118344,1,0,1:0:0:0:
64,0,118403,1,0,1:0:0:0:
320,0,118463,1,0,1:0:0:0:
64,0,118522,1,0,1:0:0:0:
320,0,118582,1,0,1:0:0:0:
192,0,118642,1,0,1:0:0:0:
320,0,118701,1,0,1:0:0:0:
192,0,118761,1,0,1:0:0:0:
320,0,118820,1,0,1:0:0:0:
192,0,118880,1,0,1:0:0:0:
320,0,118939,1,0,1:0:0:0:
192,0,118999,1,0,1:0:0:0:
320,0,119058,1,0,1:0:0:0:
192,0,119118,1,0,1:0:0:0:
320,0,119177,1,0,1:0:0:0:
192,0,119237,1,0,1:0:0:0:
448,0,119296,1,0,1:0:0:0:
64,0,119356,1,0,1:0:0:0:
448,0,119415,1,0,1:0:0:0:
64,0,119475,1,0,1:0:0:0:
448,0,119534,1,0,1:0:0:0:
64,0,119594,1,0,1:0:0:0:
448,0,119653,1,0,1:0:0:0:
64,0,119713,1,0,1:0:0:0:
448,0,119772,1,0,1:0:0:0:
64,0,119832,1,0,1:0:0:0:
448,0,119892,1,0,1:0:0:0:
64,0,119951,1,0,1:0:0:0:
448,0,120011,1,0,1:0:0:0:
320,0,120011,1,0,1:0:0:0:
192,0,120100,1,0,1:0:0:0:
320,0,120189,1,0,1:0:0:0:
192,0,120278,1,0,1:0:0:0:
448,0,120368,1,0,1:0:0:0:
64,0,120368,1,0,1:0:0:0:
192,0,120457,1,0,1:0:0:0:
320,0,120546,1,0,1:0:0:0:
448,0,120636,1,0,1:0:0:0:
192,0,120725,1,0,1:0:0:0:
64,0,120725,1,0,1:0:0:0:
320,0,120814,1,0,1:0:0:0:
192,0,120903,1,0,1:0:0:0:
448,0,120993,1,0,1:0:0:0:
320,0,121082,1,0,1:0:0:0:
64,0,121082,1,0,1:0:0:0:
192,0,121171,1,0,1:0:0:0:
320,0,121261,1,0,1:0:0:0:
448,0,121350,1,0,1:0:0:0:
192,0,121439,1,0,1:0:0:0:
320,0,121484,1,0,1:0:0:0:
448,0,121528,1,0,1:0:0:0:
64,0,121573,1,0,1:0:0:0:
192,0,121618,1,0,1:0:0:0:
320,0,121707,1,0,1:0:0:0:
192,0,121796,1,0,1:0:0:0:
64,0,121796,1,0,1:0:0:0:
320,0,121886,1,0,1:0:0:0:
448,0,121975,1,0,1:0:0:0:
64,0,122064,1,0,1:0:0:0:
320,0,122153,1,0,1:0:0:0:
192,0,122153,1,0,1:0:0:0:
448,0,122243,1,0,1:0:0:0:
320,0,122332,1,0,1:0:0:0:
192,0,122421,1,0,1:0:0:0:
320,0,122511,1,0,1:0:0:0:
64,0,122511,1,0,1:0:0:0:
448,0,122600,1,0,1:0:0:0:
192,0,122689,1,0,1:0:0:0:
448,0,122778,1,0,1:0:0:0:
320,0,122868,1,0,1:0:0:0:
192,0,122912,1,0,1:0:0:0:
64,0,122957,1,0,1:0:0:0:
448,0,123002,1,0,1:0:0:0:
320,0,123046,1,0,1:0:0:0:
192,0,123136,1,0,1:0:0:0:
448,0,123225,1,0,1:0:0:0:
320,0,123225,1,0,1:0:0:0:
64,0,123314,1,0,1:0:0:0:
448,0,123403,1,0,1:0:0:0:
64,0,123493,1,0,1:0:0:0:
320,0,123582,1,0,1:0:0:0:
192,0,123582,1,0,1:0:0:0:
448,0,123671,1,0,1:0:0:0:
320,0,123761,1,0,1:0:0:0:
64,0,123850,1,0,1:0:0:0:
320,0,123939,1,0,1:0:0:0:
192,0,123939,1,0,1:0:0:0:
448,0,124028,1,0,1:0:0:0:
192,0,124118,1,0,1:0:0:0:
448,0,124207,1,0,1:0:0:0:
64,0,124296,1,0,1:0:0:0:
192,0,124341,1,0,1:0:0:0:
320,0,124386,1,0,1:0:0:0:
448,0,124430,1,0,1:0:0:0:
64,0,124475,1,0,1:0:0:0:
192,0,124564,1,0,1:0:0:0:
448,0,124653,1,0,1:0:0:0:
320,0,124653,1,0,1:0:0:0:
192,0,124743,1,0,1:0:0:0:
320,0,124832,1,0,1:0:0:0:
64,0,124921,1,0,1:0:0:0:
448,0,125011,1,0,1:0:0:0:
192,0,125011,1,0,1:0:0:0:
320,0,125100,1,0,1:0:0:0:
192,0,125189,1,0,1:0:0:0:
320,0,125278,1,0,1:0:0:0:
448,0,125368,1,0,1:0:0:0:
64,0,125368,1,0,1:0:0:0:
192,0,125457,1,0,1:0:0:0:
320,0,125546,1,0,1:0:0:0:
448,0,125636,1,0,1:0:0:0:
192,0,125725,1,0,1:0:0:0:
320,0,125814,1,0,1:0:0:0:
192,0,125903,1,0,1:0:0:0:
64,0,125993,1,0,1:0:0:0:
448,0,126082,1,0,1:0:0:0:
320,0,126171,1,0,1:0:0:0:
192,0,126261,1,0,1:0:0:0:
64,0,126350,1,0,1:0:0:0:
320,0,126439,1,0,1:0:0:0:
64,0,126528,1,0,1:0:0:0:
448,0,126707,1,0,1:0:0:0:
64,0,126796,1,0,1:0:0:0:
192,0,126841,1,0,1:0:0:0:
320,0,126886,1,0,1:0:0:0:
448,0,126930,1,0,1:0:0:0:
64,0,126975,1,0,1:0:0:0:
192,0,127020,1,0,1:0:0:0:
320,0,127064,1,0,1:0:0:0:
448,0,127109,1,0,1:0:0:0:
192,0,127153,1,0,1:0:0:0:
64,0,127153,1,0,1:0:0:0:
320,0,127213,1,0,1:0:0:0:
448,0,127243,1,0,1:0:0:0:
64,0,127272,1,0,1:0:0:0:
192,0,127332,1,0,1:0:0:0:
320,0,127392,1,0,1:0:0:0:
192,0,127451,1,0,1:0:0:0:
448,0,127511,1,0,1:0:0:0:
64,0,127511,1,0,1:0:0:0:
320,0,127570,1,0,1:0:0:0:
192,0,127600,1,0,1:0:0:0:
64,0,127630,1,0,1:0:0:0:
448,0,127689,1,0,1:0:0:0:
320,0,127749,1,0,1:0:0:0:
192,0,127808,1,0,1:0:0:0:
448,0,127868,1,0,1:0:0:0:
64,0,127868,1,0,1:0:0:0:
192,0,127927,1,0,1:0:0:0:
320,0,127987,1,0,1:0:0:0:
448,0,128046,1,0,1:0:0:0:
64,0,128106,1,0,1:0:0:0:
192,0,128136,1,0,1:0:0:0:
320,0,128165,1,0,1:0:0:0:
448,0,128225,1,0,1:0:0:0:
64,0,128225,1,0,1:0:0:0:
192,0,128284,1,0,1:0:0:0:
320,0,128344,1,0,1:0:0:0:
448,0,128403,1,0,1:0:0:0:
64,0,128463,1,0,1:0:0:0:
192,0,128522,1,0,1:0:0:0:
448,0,128582,1,0,1:0:0:0:
320,0,128582,1,0,1:0:0:0:
64,0,128642,1,0,1:0:0:0:
192,0,128671,1,0,1:0:0:0:
448,0,128701,1,0,1:0:0:0:
320,0,128761,1,0,1:0:0:0:
192,0,128820,1,0,1:0:0:0:
64,0,128880,1,0,1:0:0:0:
448,0,128939,1,0,1:0:0:0:
320,0,128939,1,0,1:0:0:0:
192,0,128999,1,0,1:0:0:0:
64,0,129028,1,0,1:0:0:0:
448,0,129058,1,0,1:0:0:0:
192,0,129118,1,0,1:0:0:0:
320,0,129177,1,0,1:0:0:0:
64,0,129237,1,0,1:0:0:0:
448,0,129296,1,0,1:0:0:0:
320,0,129296,1,0,1:0:0:0:
192,0,129356,1,0,1:0:0:0:
64,0,129415,1,0,1:0:0:0:
448,0,129475,1,0,1:0:0:0:
320,0,129534,1,0,1:0:0:0:
192,0,129564,1,0,1:0:0:0:
64,0,129594,1,0,1:0:0:0:
448,0,129653,1,0,1:0:0:0:
320,0,129653,1,0,1:0:0:0:
192,0,129713,1,0,1:0:0:0:
320,0,129772,1,0,1:0:0:0:
448,0,129832,1,0,1:0:0:0:
64,0,129892,1,0,1:0:0:0:
192,0,129951,1,0,1:0:0:0:
448,0,130011,1,0,1:0:0:0:
320,0,130011,1,0,1:0:0:0:
64,0,130070,1,0,1:0:0:0:
192,0,130100,1,0,1:0:0:0:
320,0,130130,1,0,1:0:0:0:
448,0,130189,1,0,1:0:0:0:
64,0,130249,1,0,1:0:0:0:
192,0,130278,1,0,1:0:0:0:
320,0,130308,1,0,1:0:0:0:
448,0,130368,1,0,1:0:0:0:
64,0,130368,1,0,1:0:0:0:
192,0,130427,1,0,1:0:0:0:
320,0,130457,1,0,1:0:0:0:
448,0,130487,1,0,1:0:0:0:
64,0,130546,1,0,1:0:0:0:
320,0,130606,1,0,1:0:0:0:
192,0,130665,1,0,1:0:0:0:
448,0,130725,1,0,1:0:0:0:
64,0,130725,1,0,1:0:0:0:
192,0,130784,1,0,1:0:0:0:
320,0,130814,1,0,1:0:0:0:
448,0,130844,1,0,1:0:0:0:
64,0,130903,1,0,1:0:0:0:
192,0,130963,1,0,1:0:0:0:
320,0,130993,1,0,1:0:0:0:
448,0,131023,1,0,1:0:0:0:
192,0,131082,1,0,1:0:0:0:
64,0,131082,1,0,1:0:0:0:
320,0,131142,1,0,1:0:0:0:
448,0,131171,1,0,1:0:0:0:
192,0,131201,1,0,1:0:0:0:
64,0,131261,1,0,1:0:0:0:
448,0,131320,1,0,1:0:0:0:
320,0,131380,1,0,1:0:0:0:
192,0,131439,1,0,1:0:0:0:
64,0,131439,1,0,1:0:0:0:
448,0,131499,1,0,1:0:0:0:
320,0,131528,1,0,1:0:0:0:
192,0,131558,1,0,1:0:0:0:
64,0,131618,1,0,1:0:0:0:
448,0,131677,1,0,1:0:0:0:
320,0,131707,1,0,1:0:0:0:
192,0,131737,1,0,1:0:0:0:
448,0,131796,1,0,1:0:0:0:
64,0,131796,1,0,1:0:0:0:
320,0,131856,1,0,1:0:0:0:
192,0,131886,1,0,1:0:0:0:
64,0,131915,1,0,1:0:0:0:
448,0,131975,1,0,1:0:0:0:
192,0,132034,1,0,1:0:0:0:
64,0,132094,1,0,1:0:0:0:
448,0,132153,1,0,1:0:0:0:
320,0,132153,1,0,1:0:0:0:
192,0,132213,1,0,1:0:0:0:
64,0,132243,1,0,1:0:0:0:
448,0,132273,1,0,1:0:0:0:
320,0,132332,1,0,1:0:0:0:
64,0,132392,1,0,1:0:0:0:
192,0,132421,1,0,1:0:0:0:
320,0,132451,1,0,1:0:0:0:
448,0,132511,1,0,1:0:0:0:
64,0,132511,1,0,1:0:0:0:
192,0,132570,1,0,1:0:0:0:
320,0,132600,1,0,1:0:0:0:
448,0,132630,1,0,1:0:0:0:
64,0,132689,1,0,1:0:0:0:
320,0,132749,1,0,1:0:0:0:
192,0,132808,1,0,1:0:0:0:
448,0,132868,1,0,1:0:0:0:
64,0,132868,1,0,1:0:0:0:
320,0,132927,1,0,1:0:0:0:
192,0,132957,1,0,1:0:0:0:
64,0,132987,1,0,1:0:0:0:
448,0,133046,1,0,1:0:0:0:
320,0,133106,1,0,1:0:0:0:
192,0,133165,1,0,1:0:0:0:
448,0,133225,1,0,1:0:0:0:
64,0,133225,1,0,1:0:0:0:
320,0,133284,1,0,1:0:0:0:
192,0,133314,1,0,1:0:0:0:
64,0,133344,1,0,1:0:0:0:
448,0,133403,1,0,1:0:0:0:
320,0,133463,1,0,1:0:0:0:
192,0,133523,1,0,1:0:0:0:
448,0,133582,1,0,1:0:0:0:
320,0,133582,1,0,1:0:0:0:
64,0,133642,1,0,1:0:0:0:
192,0,133701,1,0,1:0:0:0:
320,0,133761,1,0,1:0:0:0:
448,0,133820,1,0,1:0:0:0:
64,0,133850,1,0,1:0:0:0:
192,0,133880,1,0,1:0:0:0:
448,0,133939,1,0,1:0:0:0:
320,0,133939,1,0,1:0:0:0:
64,0,133999,1,0,1:0:0:0:
192,0,134058,1,0,1:0:0:0:
448,0,134118,1,0,1:0:0:0:
320,0,134177,1,0,1:0:0:0:
192,0,134237,1,0,1:0:0:0:
448,0,134296,1,0,1:0:0:0:
64,0,134296,1,0,1:0:0:0:
320,0,134356,1,0,1:0:0:0:
192,0,134386,1,0,1:0:0:0:
64,0,134415,1,0,1:0:0:0:
448,0,134475,1,0,1:0:0:0:
192,0,134534,1,0,1:0:0:0:
320,0,134594,1,0,1:0:0:0:
448,0,134653,1,0,1:0:0:0:
64,0,134653,1,0,1:0:0:0:
192,0,134713,1,0,1:0:0:0:
320,0,134743,1,0,1:0:0:0:
448,0,134773,1,0,1:0:0:0:
64,0,134832,1,0,1:0:0:0:
192,0,134892,1,0,1:0:0:0:
320,0,134951,1,0,1:0:0:0:
448,0,135011,1,0,1:0:0:0:
64,0,135011,1,0,1:0:0:0:
192,0,135070,1,0,1:0:0:0:
320,0,135130,1,0,1:0:0:0:
64,0,135189,1,0,1:0:0:0:
448,0,135249,1,0,1:0:0:0:
320,0,135278,1,0,1:0:0:0:
192,0,135308,1,0,1:0:0:0:
448,0,135368,1,0,1:0:0:0:
64,0,135368,1,0,1:0:0:0:
320,0,135427,1,0,1:0:0:0:
192,0,135487,1,0,1:0:0:0:
448,0,135546,1,0,1:0:0:0:
320,0,135606,1,0,1:0:0:0:
192,0,135665,1,0,1:0:0:0:
448,0,135725,1,0,1:0:0:0:
64,0,135725,1,0,1:0:0:0:
320,0,135784,1,0,1:0:0:0:
192,0,135814,1,0,1:0:0:0:
64,0,135844,1,0,1:0:0:0:
448,0,135903,1,0,1:0:0:0:
320,0,135963,1,0,1:0:0:0:
192,0,135993,1,0,1:0:0:0:
64,0,136023,1,0,1:0:0:0:
448,0,136082,1,0,1:0:0:0:
320,0,136082,1,0,1:0:0:0:
192,0,136142,1,0,1:0:0:0:
64,0,136171,1,0,1:0:0:0:
448,0,136201,1,0,1:0:0:0:
320,0,136261,1,0,1:0:0:0:
192,0,136320,1,0,1:0:0:0:
64,0,136380,1,0,1:0:0:0:
448,0,136439,1,0,1:0:0:0:
320,0,136439,1,0,1:0:0:0:
192,0,136499,1,0,1:0:0:0:
64,0,136528,1,0,1:0:0:0:
320,0,136558,1,0,1:0:0:0:
448,0,136618,1,0,1:0:0:0:
192,0,136677,1,0,1:0:0:0:
64,0,136707,1,0,1:0:0:0:
448,0,136737,1,0,1:0:0:0:
320,0,136796,1,0,1:0:0:0:
192,0,136796,1,0,1:0:0:0:
64,0,136856,1,0,1:0:0:0:
448,0,136886,1,0,1:0:0:0:
320,0,136915,1,0,1:0:0:0:
192,0,136975,1,0,1:0:0:0:
64,0,137034,1,0,1:0:0:0:
448,0,137094,1,0,1:0:0:0:
192,0,137153,1,0,1:0:0:0:
64,0,137153,1,0,1:0:0:0:
320,0,137213,1,0,1:0:0:0:
448,0,137243,1,0,1:0:0:0:
64,0,137273,1,0,1:0:0:0:
192,0,137332,1,0,1:0:0:0:
320,0,137392,1,0,1:0:0:0:
448,0,137421,1,0,1:0:0:0:
64,0,137451,1,0,1:0:0:0:
320,0,137511,1,0,1:0:0:0:
192,0,137511,1,0,1:0:0:0:
448,0,137570,1,0,1:0:0:0:
64,0,137600,1,0,1:0:0:0:
192,0,137630,1,0,1:0:0:0:
320,0,137689,1,0,1:0:0:0:
448,0,137749,1,0,1:0:0:0:
64,0,137808,1,0,1:0:0:0:
320,0,137868,1,0,1:0:0:0:
192,0,137868,1,0,1:0:0:0:
448,0,137927,1,0,1:0:0:0:
64,0,137957,1,0,1:0:0:0:
320,0,137987,1,0,1:0:0:0:
192,0,138046,1,0,1:0:0:0:
448,0,138106,1,0,1:0:0:0:
64,0,138136,1,0,1:0:0:0:
192,0,138165,1,0,1:0:0:0:
448,0,138225,1,0,1:0:0:0:
320,0,138225,1,0,1:0:0:0:
192,0,138270,1,0,1:0:0:0:
64,0,138284,1,0,1:0:0:0:
448,0,138314,1,0,1:0:0:0:
320,0,138344,1,0,1:0:0:0:
192,0,138359,1,0,1:0:0:0:
448,0,138403,1,0,1:0:0:0:
64,0,138403,1,0,1:0:0:0:
320,0,138448,1,0,1:0:0:0:
192,0,138463,1,0,1:0:0:0:
64,0,138493,1,0,1:0:0:0:
448,0,138523,1,0,1:0:0:0:
320,0,138537,1,0,1:0:0:0:
192,0,138582,1,0,1:0:0:0:
64,0,138582,1,0,1:0:0:0:
448,0,138642,1,0,1:0:0:0:
320,0,138671,1,0,1:0:0:0:
192,0,138701,1,0,1:0:0:0:
64,0,138761,1,0,1:0:0:0:
320,0,138820,1,0,1:0:0:0:
192,0,138880,1,0,1:0:0:0:
448,0,138939,1,0,1:0:0:0:
64,0,138939,1,0,1:0:0:0:
320,0,138999,1,0,1:0:0:0:
192,0,139028,1,0,1:0:0:0:
64,0,139058,1,0,1:0:0:0:
448,0,139118,1,0,1:0:0:0:
192,0,139177,1,0,1:0:0:0:
320,0,139237,1,0,1:0:0:0:
448,0,139296,1,0,1:0:0:0:
64,0,139296,1,0,1:0:0:0:
192,0,139356,1,0,1:0:0:0:
320,0,139415,1,0,1:0:0:0:
448,0,139475,1,0,1:0:0:0:
64,0,139534,1,0,1:0:0:0:
192,0,139564,1,0,1:0:0:0:
320,0,139594,1,0,1:0:0:0:
448,0,139653,1,0,1:0:0:0:
64,0,139653,1,0,1:0:0:0:
192,0,139713,1,0,1:0:0:0:
320,0,139773,1,0,1:0:0:0:
192,0,139832,1,0,1:0:0:0:
320,0,139892,1,0,1:0:0:0:
448,0,139951,1,0,1:0:0:0:
192,0,140011,1,0,1:0:0:0:
64,0,140011,1,0,1:0:0:0:
320,0,140070,1,0,1:0:0:0:
448,0,140100,1,0,1:0:0:0:
64,0,140130,1,0,1:0:0:0:
192,0,140189,1,0,1:0:0:0:
320,0,140249,1,0,1:0:0:0:
192,0,140308,1,0,1:0:0:0:
448,0,140368,1,0,1:0:0:0:
64,0,140368,1,0,1:0:0:0:
320,0,140427,1,0,1:0:0:0:
192,0,140457,1,0,1:0:0:0:
64,0,140487,1,0,1:0:0:0:
448,0,140546,1,0,1:0:0:0:
320,0,140606,1,0,1:0:0:0:
192,0,140665,1,0,1:0:0:0:
448,0,140725,1,0,1:0:0:0:
64,0,140725,1,0,1:0:0:0:
192,0,140784,1,0,1:0:0:0:
320,0,140844,1,0,1:0:0:0:
448,0,140903,1,0,1:0:0:0:
64,0,140963,1,0,1:0:0:0:
192,0,140993,1,0,1:0:0:0:
320,0,141023,1,0,1:0:0:0:
448,0,141082,1,0,1:0:0:0:
64,0,141082,1,0,1:0:0:0:
192,0,141142,1,0,1:0:0:0:
320,0,141201,1,0,1:0:0:0:
192,0,141261,1,0,1:0:0:0:
64,0,141320,1,0,1:0:0:0:
448,0,141380,1,0,1:0:0:0:
320,0,141439,1,0,1:0:0:0:
192,0,141439,1,0,1:0:0:0:
64,0,141499,1,0,1:0:0:0:
448,0,141528,1,0,1:0:0:0:
320,0,141558,1,0,1:0:0:0:
192,0,141618,1,0,1:0:0:0:
64,0,141677,1,0,1:0:0:0:
448,0,141707,1,0,1:0:0:0:
320,0,141737,1,0,1:0:0:0:
192,0,141796,1,0,1:0:0:0:
64,0,141796,1,0,1:0:0:0:
448,0,141856,1,0,1:0:0:0:
320,0,141886,1,0,1:0:0:0:
192,0,141915,1,0,1:0:0:0:
64,0,141975,1,0,1:0:0:0:
320,0,142034,1,0,1:0:0:0:
192,0,142094,1,0,1:0:0:0:
448,0,142153,1,0,1:0:0:0:
320,0,142153,1,0,1:0:0:0:
64,0,142213,1,0,1:0:0:0:
192,0,142243,1,0,1:0:0:0:
320,0,142273,1,0,1:0:0:0:
448,0,142332,1,0,1:0:0:0:
64,0,142392,1,0,1:0:0:0:
192,0,142421,1,0,1:0:0:0:
320,0,142451,1,0,1:0:0:0:
448,0,142511,1,0,1:0:0:0:
64,0,142511,1,0,1:0:0:0:
192,0,142570,1,0,1:0:0:0:
320,0,142600,1,0,1:0:0:0:
448,0,142630,1,0,1:0:0:0:
64,0,142689,1,0,1:0:0:0:
320,0,142749,1,0,1:0:0:0:
192,0,142808,1,0,1:0:0:0:
448,0,142868,1,0,1:0:0:0:
64,0,142868,1,0,1:0:0:0:
192,0,142927,1,0,1:0:0:0:
320,0,142957,1,0,1:0:0:0:
448,0,142987,1,0,1:0:0:0:
64,0,143046,1,0,1:0:0:0:
192,0,143106,1,0,1:0:0:0:
320,0,143136,1,0,1:0:0:0:
448,0,143165,1,0,1:0:0:0:
192,0,143225,1,0,1:0:0:0:
64,0,143225,1,0,1:0:0:0:
320,0,143284,1,0,1:0:0:0:
448,0,143314,1,0,1:0:0:0:
192,0,143403,1,0,1:0:0:0:
64,0,143463,1,0,1:0:0:0:
448,0,143523,1,0,1:0:0:0:
320,0,143582,1,0,1:0:0:0:
192,0,143582,1,0,1:0:0:0:
64,0,143642,1,0,1:0:0:0:
448,0,143671,1,0,1:0:0:0:
320,0,143701,1,0,1:0:0:0:
192,0,143761,1,0,1:0:0:0:
64,0,143820,1,0,1:0:0:0:
448,0,143850,1,0,1:0:0:0:
320,0,143880,1,0,1:0:0:0:
192,0,143939,1,0,1:0:0:0:
64,0,143939,1,0,1:0:0:0:
448,0,143999,1,0,1:0:0:0:
320,0,144028,1,0,1:0:0:0:
192,0,144058,1,0,1:0:0:0:
64,0,144118,1,0,1:0:0:0:
320,0,144177,1,0,1:0:0:0:
448,0,144237,1,0,1:0:0:0:
192,0,144296,1,0,1:0:0:0:
64,0,144296,1,0,1:0:0:0:
320,0,144356,1,0,1:0:0:0:
448,0,144386,1,0,1:0:0:0:
64,0,144415,1,0,1:0:0:0:
192,0,144475,1,0,1:0:0:0:
320,0,144534,1,0,1:0:0:0:
448,0,144594,1,0,1:0:0:0:
192,0,144653,1,0,1:0:0:0:
64,0,144653,1,0,1:0:0:0:
320,0,144713,1,0,1:0:0:0:
448,0,144743,1,0,1:0:0:0:
64,0,144773,1,0,1:0:0:0:
192,0,144832,1,0,1:0:0:0:
320,0,144892,1,0,1:0:0:0:
192,0,144951,1,0,1:0:0:0:
448,0,145011,1,0,1:0:0:0:
64,0,145011,1,0,1:0:0:0:
320,0,145070,1,0,1:0:0:0:
192,0,145130,1,0,1:0:0:0:
64,0,145189,1,0,1:0:0:0:
448,0,145249,1,0,1:0:0:0:
320,0,145278,1,0,1:0:0:0:
192,0,145308,1,0,1:0:0:0:
448,0,145368,1,0,1:0:0:0:
64,0,145368,1,0,1:0:0:0:
320,0,145427,1,0,1:0:0:0:
192,0,145487,1,0,1:0:0:0:
320,0,145546,1,0,1:0:0:0:
448,0,145606,1,0,1:0:0:0:
64,0,145665,1,0,1:0:0:0:
320,0,145725,1,0,1:0:0:0:
192,0,145725,1,0,1:0:0:0:
448,0,145784,1,0,1:0:0:0:
64,0,145814,1,0,1:0:0:0:
192,0,145844,1,0,1:0:0:0:
320,0,145903,1,0,1:0:0:0:
448,0,145963,1,0,1:0:0:0:
64,0,146023,1,0,1:0:0:0:
320,0,146082,1,0,1:0:0:0:
192,0,146082,1,0,1:0:0:0:
448,0,146142,1,0,1:0:0:0:
64,0,146171,1,0,1:0:0:0:
192,0,146201,1,0,1:0:0:0:
320,0,146261,1,0,1:0:0:0:
448,0,146320,1,0,1:0:0:0:
64,0,146380,1,0,1:0:0:0:
320,0,146439,1,0,1:0:0:0:
192,0,146439,1,0,1:0:0:0:
448,0,146499,1,0,1:0:0:0:
64,0,146558,1,0,1:0:0:0:
192,0,146618,1,0,1:0:0:0:
448,0,146677,1,0,1:0:0:0:
320,0,146707,1,0,1:0:0:0:
192,0,146737,1,0,1:0:0:0:
448,0,146796,1,0,1:0:0:0:
64,0,146796,1,0,1:0:0:0:
320,0,146856,1,0,1:0:0:0:
192,0,146915,1,0,1:0:0:0:
64,0,146975,1,0,1:0:0:0:
320,0,147034,1,0,1:0:0:0:
192,0,147094,1,0,1:0:0:0:
448,0,147153,1,0,1:0:0:0:
64,0,147153,1,0,1:0:0:0:
320,0,147213,1,0,1:0:0:0:
192,0,147243,1,0,1:0:0:0:
64,0,147273,1,0,1:0:0:0:
448,0,147332,1,0,1:0:0:0:
320,0,147392,1,0,1:0:0:0:
192,0,147421,1,0,1:0:0:0:
64,0,147451,1,0,1:0:0:0:
448,0,147511,1,0,1:0:0:0:
320,0,147511,1,0,1:0:0:0:
192,0,147570,1,0,1:0:0:0:
64,0,147600,1,0,1:0:0:0:
448,0,147630,1,0,1:0:0:0:
320,0,147689,1,0,1:0:0:0:
192,0,147749,1,0,1:0:0:0:
448,0,147808,1,0,1:0:0:0:
320,0,147868,1,0,1:0:0:0:
64,0,147868,1,0,1:0:0:0:
192,0,147927,1,0,1:0:0:0:
448,0,147957,1,0,1:0:0:0:
320,0,147987,1,0,1:0:0:0:
64,0,148046,1,0,1:0:0:0:
192,0,148106,1,0,1:0:0:0:
320,0,148136,1,0,1:0:0:0:
448,0,148225,1,0,1:0:0:0:
64,0,148225,1,0,1:0:0:0:
192,0,148284,1,0,1:0:0:0:
320,0,148314,1,0,1:0:0:0:
448,0,148344,1,0,1:0:0:0:
64,0,148403,1,0,1:0:0:0:
192,0,148463,1,0,1:0:0:0:
320,0,148523,1,0,1:0:0:0:
448,0,148582,1,0,1:0:0:0:
64,0,148582,1,0,1:0:0:0:
192,0,148642,1,0,1:0:0:0:
320,0,148671,1,0,1:0:0:0:
448,0,148701,1,0,1:0:0:0:
64,0,148761,1,0,1:0:0:0:
192,0,148820,1,0,1:0:0:0:
320,0,148850,1,0,1:0:0:0:
448,0,148880,1,0,1:0:0:0:
192,0,148939,1,0,1:0:0:0:
64,0,148939,1,0,1:0:0:0:
320,0,148999,1,0,1:0:0:0:
448,0,149028,1,0,1:0:0:0:
64,0,149058,1,0,1:0:0:0:
192,0,149118,1,0,1:0:0:0:
320,0,149177,1,0,1:0:0:0:
448,0,149237,1,0,1:0:0:0:
192,0,149296,1,0,1:0:0:0:
64,0,149296,1,0,1:0:0:0:
320,0,149356,1,0,1:0:0:0:
448,0,149386,1,0,1:0:0:0:
64,0,149415,1,0,1:0:0:0:
192,0,149475,1,0,1:0:0:0:
320,0,149534,1,0,1:0:0:0:
448,0,149564,1,0,1:0:0:0:
64,0,149594,1,0,1:0:0:0:
320,0,149653,1,0,1:0:0:0:
192,0,149653,1,0,1:0:0:0:
448,0,149698,1,0,1:0:0:0:
64,0,149713,1,0,1:0:0:0:
192,0,149743,1,0,1:0:0:0:
320,0,149773,1,0,1:0:0:0:
448,0,149787,1,0,1:0:0:0:
192,0,149832,1,0,1:0:0:0:
64,0,149832,1,0,1:0:0:0:
320,0,149877,1,0,1:0:0:0:
448,0,149892,1,0,1:0:0:0:
64,0,149921,1,0,1:0:0:0:
192,0,149951,1,0,1:0:0:0:
320,0,149966,1,0,1:0:0:0:
448,0,150011,1,0,1:0:0:0:
64,0,150011,1,0,1:0:0:0:
192,0,150070,1,0,1:0:0:0:
320,0,150100,1,0,1:0:0:0:
448,0,150130,1,0,1:0:0:0:
64,0,150189,1,0,1:0:0:0:
320,0,150249,1,0,1:0:0:0:
192,0,150308,1,0,1:0:0:0:
448,0,150368,1,0,1:0:0:0:
64,0,150368,1,0,1:0:0:0:
320,0,150427,1,0,1:0:0:0:
192,0,150457,1,0,1:0:0:0:
64,0,150487,1,0,1:0:0:0:
448,0,150546,1,0,1:0:0:0:
192,0,150606,1,0,1:0:0:0:
320,0,150665,1,0,1:0:0:0:
192,0,150725,1,0,1:0:0:0:
64,0,150725,1,0,1:0:0:0:
448,0,150784,1,0,1:0:0:0:
320,0,150844,1,0,1:0:0:0:
192,0,150903,1,0,1:0:0:0:
64,0,150963,1,0,1:0:0:0:
448,0,150993,1,0,1:0:0:0:
320,0,151023,1,0,1:0:0:0:
192,0,151082,1,0,1:0:0:0:
64,0,151082,1,0,1:0:0:0:
448,0,151142,1,0,1:0:0:0:
320,0,151201,1,0,1:0:0:0:
64,0,151261,1,0,1:0:0:0:
192,0,151320,1,0,1:0:0:0:
320,0,151380,1,0,1:0:0:0:
448,0,151439,1,0,1:0:0:0:
64,0,151439,1,0,1:0:0:0:
192,0,151499,1,0,1:0:0:0:
320,0,151528,1,0,1:0:0:0:
448,0,151558,1,0,1:0:0:0:
64,0,151618,1,0,1:0:0:0:
192,0,151677,1,0,1:0:0:0:
320,0,151737,1,0,1:0:0:0:
448,0,151796,1,0,1:0:0:0:
64,0,151796,1,0,1:0:0:0:
192,0,151856,1,0,1:0:0:0:
320,0,151886,1,0,1:0:0:0:
448,0,151915,1,0,1:0:0:0:
64,0,151975,1,0,1:0:0:0:
192,0,152034,1,0,1:0:0:0:
320,0,152094,1,0,1:0:0:0:
448,0,152153,1,0,1:0:0:0:
64,0,152153,1,0,1:0:0:0:
192,0,152213,1,0,1:0:0:0:
320,0,152273,1,0,1:0:0:0:
192,0,152332,1,0,1:0:0:0:
64,0,152392,1,0,1:0:0:0:
448,0,152421,1,0,1:0:0:0:
320,0,152451,1,0,1:0:0:0:
192,0,152511,1,0,1:0:0:0:
64,0,152511,1,0,1:0:0:0:
448,0,152570,1,0,1:0:0:0:
320,0,152630,1,0,1:0:0:0:
192,0,152689,1,0,1:0:0:0:
64,0,152749,1,0,1:0:0:0:
320,0,152808,1,0,1:0:0:0:
448,0,152868,1,0,1:0:0:0:
64,0,152868,1,0,1:0:0:0:
192,0,152927,1,0,1:0:0:0:
320,0,152957,1,0,1:0:0:0:
448,0,152987,1,0,1:0:0:0:
64,0,153046,1,0,1:0:0:0:
192,0,153106,1,0,1:0:0:0:
320,0,153136,1,0,1:0:0:0:
448,0,153165,1,0,1:0:0:0:
192,0,153225,1,0,1:0:0:0:
64,0,153225,1,0,1:0:0:0:
320,0,153284,1,0,1:0:0:0:
448,0,153314,1,0,1:0:0:0:
64,0,153344,1,0,1:0:0:0:
192,0,153403,1,0,1:0:0:0:
320,0,153463,1,0,1:0:0:0:
448,0,153523,1,0,1:0:0:0:
192,0,153582,1,0,1:0:0:0:
64,0,153582,1,0,1:0:0:0:
320,0,153642,1,0,1:0:0:0:
448,0,153671,1,0,1:0:0:0:
64,0,153701,1,0,1:0:0:0:
192,0,153761,1,0,1:0:0:0:
320,0,153820,1,0,1:0:0:0:
64,0,153850,1,0,1:0:0:0:
192,0,153880,1,0,1:0:0:0:
448,0,153939,1,0,1:0:0:0:
320,0,153939,1,0,1:0:0:0:
64,0,153999,1,0,1:0:0:0:
192,0,154028,1,0,1:0:0:0:
320,0,154058,1,0,1:0:0:0:
448,0,154118,1,0,1:0:0:0:
192,0,154177,1,0,1:0:0:0:
320,0,154237,1,0,1:0:0:0:
448,0,154296,1,0,1:0:0:0:
64,0,154296,1,0,1:0:0:0:
192,0,154356,1,0,1:0:0:0:
320,0,154386,1,0,1:0:0:0:
448,0,154415,1,0,1:0:0:0:
64,0,154475,1,0,1:0:0:0:
192,0,154534,1,0,1:0:0:0:
320,0,154564,1,0,1:0:0:0:
448,0,154594,1,0,1:0:0:0:
192,0,154653,1,0,1:0:0:0:
64,0,154653,1,0,1:0:0:0:
320,0,154713,1,0,1:0:0:0:
448,0,154743,1,0,1:0:0:0:
64,0,154773,1,0,1:0:0:0:
192,0,154832,1,0,1:0:0:0:
448,0,154892,1,0,1:0:0:0:
320,0,154951,1,0,1:0:0:0:
192,0,155011,1,0,1:0:0:0:
64,0,155011,1,0,1:0:0:0:
448,0,155070,1,0,1:0:0:0:
320,0,155100,1,0,1:0:0:0:
192,0,155130,1,0,1:0:0:0:
64,0,155189,1,0,1:0:0:0:
448,0,155249,1,0,1:0:0:0:
320,0,155278,1,0,1:0:0:0:
192,0,155308,1,0,1:0:0:0:
448,0,155368,1,0,1:0:0:0:
64,0,155368,1,0,1:0:0:0:
320,0,155427,1,0,1:0:0:0:
192,0,155457,1,0,1:0:0:0:
64,0,155487,1,0,1:0:0:0:
320,0,155546,1,0,1:0:0:0:
192,0,155606,1,0,1:0:0:0:
64,0,155665,1,0,1:0:0:0:
448,0,155725,1,0,1:0:0:0:
320,0,155725,1,0,1:0:0:0:
192,0,155784,1,0,1:0:0:0:
64,0,155814,1,0,1:0:0:0:
448,0,155844,1,0,1:0:0:0:
320,0,155903,1,0,1:0:0:0:
192,0,155963,1,0,1:0:0:0:
64,0,156023,1,0,1:0:0:0:
448,0,156082,1,0,1:0:0:0:
320,0,156082,1,0,1:0:0:0:
192,0,156142,1,0,1:0:0:0:
64,0,156171,1,0,1:0:0:0:
448,0,156201,1,0,1:0:0:0:
320,0,156261,1,0,1:0:0:0:
192,0,156320,1,0,1:0:0:0:
448,0,156380,1,0,1:0:0:0:
320,0,156439,1,0,1:0:0:0:
192,0,156439,1,0,1:0:0:0:
64,0,156499,1,0,1:0:0:0:
448,0,156558,1,0,1:0:0:0:
320,0,156618,1,0,1:0:0:0:
192,0,156677,1,0,1:0:0:0:
64,0,156707,1,0,1:0:0:0:
448,0,156737,1,0,1:0:0:0:
320,0,156796,1,0,1:0:0:0:
192,0,156796,1,0,1:0:0:0:
64,0,156856,1,0,1:0:0:0:
448,0,156915,1,0,1:0:0:0:
192,0,156975,1,0,1:0:0:0:
320,0,157034,1,0,1:0:0:0:
64,0,157094,1,0,1:0:0:0:
448,0,157153,1,0,1:0:0:0:
192,0,157153,1,0,1:0:0:0:
320,0,157213,1,0,1:0:0:0:
64,0,157243,1,0,1:0:0:0:
192,0,157273,1,0,1:0:0:0:
320,0,157332,1,0,1:0:0:0:
64,0,157392,1,0,1:0:0:0:
192,0,157451,1,0,1:0:0:0:
448,0,157511,1,0,1:0:0:0:
320,0,157511,1,0,1:0:0:0:
64,0,157570,1,0,1:0:0:0:
192,0,157600,1,0,1:0:0:0:
320,0,157630,1,0,1:0:0:0:
448,0,157689,1,0,1:0:0:0:
64,0,157749,1,0,1:0:0:0:
192,0,157808,1,0,1:0:0:0:
448,0,157868,1,0,1:0:0:0:
320,0,157868,1,0,1:0:0:0:
64,0,157927,1,0,1:0:0:0:
192,0,157987,1,0,1:0:0:0:
320,0,158046,1,0,1:0:0:0:
448,0,158106,1,0,1:0:0:0:
64,0,158136,1,0,1:0:0:0:
192,0,158165,1,0,1:0:0:0:
448,0,158225,1,0,1:0:0:0:
320,0,158225,1,0,1:0:0:0:
64,0,158284,1,0,1:0:0:0:
192,0,158344,1,0,1:0:0:0:
448,0,158403,1,0,1:0:0:0:
320,0,158463,1,0,1:0:0:0:
192,0,158523,1,0,1:0:0:0:
448,0,158582,1,0,1:0:0:0:
64,0,158582,1,0,1:0:0:0:
320,0,158642,1,0,1:0:0:0:
192,0,158671,1,0,1:0:0:0:
64,0,158701,1,0,1:0:0:0:
448,0,158761,1,0,1:0:0:0:
320,0,158820,1,0,1:0:0:0:
192,0,158850,1,0,1:0:0:0:
64,0,158880,1,0,1:0:0:0:
448,0,158939,1,0,1:0:0:0:
320,0,158939,1,0,1:0:0:0:
192,0,158999,1,0,1:0:0:0:
64,0,159028,1,0,1:0:0:0:
448,0,159058,1,0,1:0:0:0:
192,0,159118,1,0,1:0:0:0:
320,0,159177,1,0,1:0:0:0:
64,0,159237,1,0,1:0:0:0:
448,0,159296,1,0,1:0:0:0:
320,0,159296,1,0,1:0:0:0:
192,0,159356,1,0,1:0:0:0:
64,0,159386,1,0,1:0:0:0:
448,0,159415,1,0,1:0:0:0:
320,0,159475,1,0,1:0:0:0:
192,0,159534,1,0,1:0:0:0:
64,0,159564,1,0,1:0:0:0:
448,0,159594,1,0,1:0:0:0:
320,0,159653,1,0,1:0:0:0:
192,0,159653,1,0,1:0:0:0:
64,0,159713,1,0,1:0:0:0:
448,0,159743,1,0,1:0:0:0:
192,0,159773,1,0,1:0:0:0:
320,0,159832,1,0,1:0:0:0:
448,0,159892,1,0,1:0:0:0:
64,0,159951,1,0,1:0:0:0:
320,0,160011,1,0,1:0:0:0:
192,0,160011,1,0,1:0:0:0:
448,0,160070,1,0,1:0:0:0:
64,0,160100,1,0,1:0:0:0:
192,0,160130,1,0,1:0:0:0:
320,0,160189,1,0,1:0:0:0:
448,0,160249,1,0,1:0:0:0:
64,0,160278,1,0,1:0:0:0:
192,0,160308,1,0,1:0:0:0:
448,0,160368,1,0,1:0:0:0:
320,0,160368,1,0,1:0:0:0:
64,0,160427,1,0,1:0:0:0:
192,0,160457,1,0,1:0:0:0:
320,0,160487,1,0,1:0:0:0:
448,0,160546,1,0,1:0:0:0:
64,0,160606,1,0,1:0:0:0:
192,0,160665,1,0,1:0:0:0:
448,0,160725,1,0,1:0:0:0:
320,0,160725,1,0,1:0:0:0:
64,0,160784,1,0,1:0:0:0:
192,0,160814,1,0,1:0:0:0:
320,0,160844,1,0,1:0:0:0:
448,0,160903,1,0,1:0:0:0:
192,0,160963,1,0,1:0:0:0:
320,0,160993,1,0,1:0:0:0:
64,0,161023,1,0,1:0:0:0:
448,0,161082,1,0,1:0:0:0:
320,0,161082,1,0,1:0:0:0:
192,0,161127,1,0,1:0:0:0:
64,0,161142,1,0,1:0:0:0:
448,0,161171,1,0,1:0:0:0:
320,0,161201,1,0,1:0:0:0:
192,0,161216,1,0,1:0:0:0:
448,0,161261,1,0,1:0:0:0:
64,0,161261,1,0,1:0:0:0:
320,0,161305,1,0,1:0:0:0:
192,0,161320,1,0,1:0:0:0:
64,0,161350,1,0,1:0:0:0:
448,0,161380,1,0,1:0:0:0:
320,0,161395,1,0,1:0:0:0:
192,0,161439,1,0,1:0:0:0:
64,0,161439,1,0,1:0:0:0:
448,0,161499,1,0,1:0:0:0:
320,0,161558,1,0,1:0:0:0:
64,0,161618,1,0,1:0:0:0:
192,0,161677,1,0,1:0:0:0:
320,0,161707,1,0,1:0:0:0:
448,0,161737,1,0,1:0:0:0:
192,0,161796,1,0,1:0:0:0:
64,0,161796,1,0,1:0:0:0:
320,0,161856,1,0,1:0:0:0:
448,0,161886,1,0,1:0:0:0:
192,0,161915,1,0,1:0:0:0:
64,0,161975,1,0,1:0:0:0:
192,0,162034,1,0,1:0:0:0:
320,0,162064,1,0,1:0:0:0:
448,0,162094,1,0,1:0:0:0:
192,0,162153,1,0,1:0:0:0:
64,0,162153,1,0,1:0:0:0:
320,0,162213,1,0,1:0:0:0:
448,0,162243,1,0,1:0:0:0:
64,0,162273,1,0,1:0:0:0:
192,0,162332,1,0,1:0:0:0:
320,0,162392,1,0,1:0:0:0:
448,0,162421,1,0,1:0:0:0:
64,0,162451,1,0,1:0:0:0:
320,0,162511,1,0,1:0:0:0:
192,0,162511,1,0,1:0:0:0:
448,0,162570,1,0,1:0:0:0:
64,0,162600,1,0,1:0:0:0:
320,0,162630,1,0,1:0:0:0:
192,0,162689,1,0,1:0:0:0:
64,0,162749,1,0,1:0:0:0:
448,0,162808,1,0,1:0:0:0:
320,0,162868,1,0,1:0:0:0:
192,0,162868,1,0,1:0:0:0:
64,0,162927,1,0,1:0:0:0:
448,0,162987,1,0,1:0:0:0:
320,0,163046,1,0,1:0:0:0:
192,0,163106,1,0,1:0:0:0:
64,0,163136,1,0,1:0:0:0:
448,0,163165,1,0,1:0:0:0:
320,0,163225,1,0,1:0:0:0:
192,0,163225,1,0,1:0:0:0:
64,0,163284,1,0,1:0:0:0:
448,0,163314,1,0,1:0:0:0:
320,0,163344,1,0,1:0:0:0:
192,0,163403,1,0,1:0:0:0:
64,0,163463,1,0,1:0:0:0:
448,0,163493,1,0,1:0:0:0:
320,0,163523,1,0,1:0:0:0:
192,0,163582,1,0,1:0:0:0:
64,0,163582,1,0,1:0:0:0:
448,0,163642,1,0,1:0:0:0:
320,0,163671,1,0,1:0:0:0:
64,0,163701,1,0,1:0:0:0:
192,0,163761,1,0,1:0:0:0:
320,0,163820,1,0,1:0:0:0:
448,0,163850,1,0,1:0:0:0:
64,0,163880,1,0,1:0:0:0:
320,0,163939,1,0,1:0:0:0:
192,0,163939,1,0,1:0:0:0:
448,0,163999,1,0,1:0:0:0:
64,0,164028,1,0,1:0:0:0:
192,0,164058,1,0,1:0:0:0:
320,0,164118,1,0,1:0:0:0:
448,0,164177,1,0,1:0:0:0:
64,0,164237,1,0,1:0:0:0:
320,0,164296,1,0,1:0:0:0:
192,0,164296,1,0,1:0:0:0:
448,0,164356,1,0,1:0:0:0:
64,0,164415,1,0,1:0:0:0:
192,0,164475,1,0,1:0:0:0:
448,0,164534,1,0,1:0:0:0:
320,0,164564,1,0,1:0:0:0:
192,0,164594,1,0,1:0:0:0:
448,0,164653,1,0,1:0:0:0:
64,0,164653,1,0,1:0:0:0:
320,0,164713,1,0,1:0:0:0:
192,0,164743,1,0,1:0:0:0:
64,0,164773,1,0,1:0:0:0:
448,0,164832,1,0,1:0:0:0:
320,0,164892,1,0,1:0:0:0:
192,0,164921,1,0,1:0:0:0:
64,0,164951,1,0,1:0:0:0:
448,0,165011,1,0,1:0:0:0:
320,0,165011,1,0,1:0:0:0:
64,0,165070,1,0,1:0:0:0:
192,0,165100,1,0,1:0:0:0:
320,0,165130,1,0,1:0:0:0:
448,0,165189,1,0,1:0:0:0:
64,0,165249,1,0,1:0:0:0:
192,0,165278,1,0,1:0:0:0:
320,0,165308,1,0,1:0:0:0:
448,0,165368,1,0,1:0:0:0:
64,0,165368,1,0,1:0:0:0:
192,0,165427,1,0,1:0:0:0:
320,0,165457,1,0,1:0:0:0:
448,0,165487,1,0,1:0:0:0:
64,0,165546,1,0,1:0:0:0:
320,0,165606,1,0,1:0:0:0:
192,0,165665,1,0,1:0:0:0:
448,0,165725,1,0,1:0:0:0:
64,0,165725,1,0,1:0:0:0:
320,0,165784,1,0,1:0:0:0:
192,0,165844,1,0,1:0:0:0:
64,0,165903,1,0,1:0:0:0:
448,0,165963,1,0,1:0:0:0:
320,0,165993,1,0,1:0:0:0:
192,0,166023,1,0,1:0:0:0:
448,0,166082,1,0,1:0:0:0:
64,0,166082,1,0,1:0:0:0:
320,0,166142,1,0,1:0:0:0:
192,0,166171,1,0,1:0:0:0:
64,0,166201,1,0,1:0:0:0:
448,0,166261,1,0,1:0:0:0:
192,0,166320,1,0,1:0:0:0:
320,0,166350,1,0,1:0:0:0:
64,0,166380,1,0,1:0:0:0:
448,0,166439,1,0,1:0:0:0:
192,0,166439,1,0,1:0:0:0:
320,0,166499,1,0,1:0:0:0:
64,0,166528,1,0,1:0:0:0:
192,0,166558,1,0,1:0:0:0:
320,0,166618,1,0,1:0:0:0:
448,0,166677,1,0,1:0:0:0:
64,0,166707,1,0,1:0:0:0:
192,0,166737,1,0,1:0:0:0:
448,0,166796,1,0,1:0:0:0:
320,0,166796,1,0,1:0:0:0:
64,0,166856,1,0,1:0:0:0:
192,0,166886,1,0,1:0:0:0:
320,0,166915,1,0,1:0:0:0:
448,0,166975,1,0,1:0:0:0:
64,0,167034,1,0,1:0:0:0:
192,0,167094,1,0,1:0:0:0:
448,0,167153,1,0,1:0:0:0:
320,0,167153,1,0,1:0:0:0:
192,0,167243,1,0,1:0:0:0:
320,0,167332,1,0,1:0:0:0:
192,0,167421,1,0,1:0:0:0:
448,0,167511,1,0,1:0:0:0:
320,0,167511,1,0,1:0:0:0:
64,0,167600,1,0,1:0:0:0:
192,0,167689,1,0,1:0:0:0:
320,0,167778,1,0,1:0:0:0:
448,0,167868,1,0,1:0:0:0:
64,0,167868,1,0,1:0:0:0:
192,0,167957,1,0,1:0:0:0:
320,0,168046,1,0,1:0:0:0:
192,0,168136,1,0,1:0:0:0:
448,0,168225,1,0,1:0:0:0:
64,0,168225,1,0,1:0:0:0:
320,0,168314,1,0,1:0:0:0:
192,0,168403,1,0,1:0:0:0:
64,0,168493,1,0,1:0:0:0:
448,0,168582,1,0,1:0:0:0:
320,0,168582,1,0,1:0:0:0:
192,0,168671,1,0,1:0:0:0:
448,0,168761,1,0,1:0:0:0:
320,0,168850,1,0,1:0:0:0:
192,0,168939,1,0,1:0:0:0:
64,0,168939,1,0,1:0:0:0:
320,0,169028,1,0,1:0:0:0:
192,0,169118,1,0,1:0:0:0:
64,0,169207,1,0,1:0:0:0:
448,0,169296,1,0,1:0:0:0:
320,0,169296,1,0,1:0:0:0:
192,0,169386,1,0,1:0:0:0:
448,0,169475,1,0,1:0:0:0:
64,0,169475,1,0,1:0:0:0:
192,0,169564,1,0,1:0:0:0:
448,0,169653,1,0,1:0:0:0:
320,0,169653,1,0,1:0:0:0:
192,0,169743,1,0,1:0:0:0:
64,0,169832,1,0,1:0:0:0:
192,0,169921,1,0,1:0:0:0:
448,0,170011,1,0,1:0:0:0:
64,0,170011,1,0,1:0:0:0:
320,0,170100,1,0,1:0:0:0:
192,0,170189,1,0,1:0:0:0:
320,0,170278,1,0,1:0:0:0:
192,0,170368,1,0,1:0:0:0:
64,0,170368,1,0,1:0:0:0:
448,0,170457,1,0,1:0:0:0:
320,0,170546,1,0,1:0:0:0:
192,0,170636,1,0,1:0:0:0:
448,0,170725,1,0,1:0:0:0:
64,0,170725,1,0,1:0:0:0:
320,0,170814,1,0,1:0:0:0:
192,0,170903,1,0,1:0:0:0:
448,0,170993,1,0,1:0:0:0:
192,0,171082,1,0,1:0:0:0:
64,0,171082,1,0,1:0:0:0:
320,0,171171,1,0,1:0:0:0:
448,0,171261,1,0,1:0:0:0:
64,0,171350,1,0,1:0:0:0:
320,0,171439,1,0,1:0:0:0:
192,0,171439,1,0,1:0:0:0:
64,0,171528,1,0,1:0:0:0:
320,0,171618,1,0,1:0:0:0:
192,0,171707,1,0,1:0:0:0:
448,0,171796,1,0,1:0:0:0:
64,0,171796,1,0,1:0:0:0:
320,0,171886,1,0,1:0:0:0:
192,0,171975,1,0,1:0:0:0:
320,0,172064,1,0,1:0:0:0:
448,0,172153,1,0,1:0:0:0:
64,0,172153,1,0,1:0:0:0:
192,0,172243,1,0,1:0:0:0:
320,0,172332,1,0,1:0:0:0:
448,0,172421,1,0,1:0:0:0:
192,0,172511,1,0,1:0:0:0:
64,0,172511,1,0,1:0:0:0:
320,0,172600,1,0,1:0:0:0:
192,0,172689,1,0,1:0:0:0:
320,0,172778,1,0,1:0:0:0:
448,0,172868,1,0,1:0:0:0:
64,0,172868,1,0,1:0:0:0:
320,0,172957,1,0,1:0:0:0:
192,0,172957,1,0,1:0:0:0:
448,0,173046,1,0,1:0:0:0:
64,0,173046,1,0,1:0:0:0:
192,0,173136,1,0,1:0:0:0:
448,0,173225,1,0,1:0:0:0:
64,0,173225,1,0,1:0:0:0:
320,0,173314,1,0,1:0:0:0:
192,0,173403,1,0,1:0:0:0:
320,0,173493,1,0,1:0:0:0:
192,0,173582,1,0,1:0:0:0:
64,0,173582,1,0,1:0:0:0:
448,0,173671,1,0,1:0:0:0:
320,0,173761,1,0,1:0:0:0:
192,0,173850,1,0,1:0:0:0:
448,0,173939,1,0,1:0:0:0:
64,0,173939,1,0,1:0:0:0:
320,0,174028,1,0,1:0:0:0:
192,0,174118,1,0,1:0:0:0:
448,0,174207,1,0,1:0:0:0:
320,0,174296,1,0,1:0:0:0:
64,0,174296,1,0,1:0:0:0:
448,0,174386,1,0,1:0:0:0:
192,0,174386,1,0,1:0:0:0:
320,0,174475,1,0,1:0:0:0:
64,0,174475,1,0,1:0:0:0:
448,0,174564,1,0,1:0:0:0:
320,0,174653,1,0,1:0:0:0:
192,0,174653,1,0,1:0:0:0:
64,0,174743,1,0,1:0:0:0:
448,0,174832,1,0,1:0:0:0:
320,0,174921,1,0,1:0:0:0:
192,0,175011,1,0,1:0:0:0:
64,0,175011,1,0,1:0:0:0:
448,0,175100,1,0,1:0:0:0:
64,0,175189,1,0,1:0:0:0:
192,0,175278,1,0,1:0:0:0:
448,0,175368,1,0,1:0:0:0:
320,0,175368,1,0,1:0:0:0:
192,0,175457,1,0,1:0:0:0:
320,0,175546,1,0,1:0:0:0:
192,0,175636,1,0,1:0:0:0:
448,0,175725,1,0,1:0:0:0:
64,0,175725,1,0,1:0:0:0:
320,0,175814,1,0,1:0:0:0:
192,0,175814,1,0,1:0:0:0:
448,0,175903,1,0,1:0:0:0:
64,0,175903,1,0,1:0:0:0:
320,0,175993,1,0,1:0:0:0:
192,0,176082,1,0,1:0:0:0:
64,0,176082,1,0,1:0:0:0:
448,0,176171,1,0,1:0:0:0:
192,0,176261,1,0,1:0:0:0:
320,0,176350,1,0,1:0:0:0:
448,0,176439,1,0,1:0:0:0:
64,0,176439,1,0,1:0:0:0:
192,0,176528,1,0,1:0:0:0:
320,0,176618,1,0,1:0:0:0:
192,0,176707,1,0,1:0:0:0:
448,0,176796,1,0,1:0:0:0:
64,0,176796,1,0,1:0:0:0:
320,0,176886,1,0,1:0:0:0:
192,0,176975,1,0,1:0:0:0:
320,0,177064,1,0,1:0:0:0:
192,0,177153,1,0,1:0:0:0:
64,0,177153,1,0,1:0:0:0:
448,0,177243,1,0,1:0:0:0:
320,0,177243,1,0,1:0:0:0:
192,0,177332,1,0,1:0:0:0:
64,0,177332,1,0,1:0:0:0:
448,0,177421,1,0,1:0:0:0:
320,0,177511,1,0,1:0:0:0:
192,0,177511,1,0,1:0:0:0:
64,0,177600,1,0,1:0:0:0:
192,0,177689,1,0,1:0:0:0:
320,0,177778,1,0,1:0:0:0:
448,0,177868,1,0,1:0:0:0:
64,0,177868,1,0,1:0:0:0:
192,0,177957,1,0,1:0:0:0:
320,0,178046,1,0,1:0:0:0:
448,0,178136,1,0,1:0:0:0:
320,0,178225,1,0,1:0:0:0:
192,0,178225,1,0,1:0:0:0:
64,0,178314,1,0,1:0:0:0:
448,0,178403,1,0,1:0:0:0:
320,0,178493,1,0,1:0:0:0:
192,0,178582,128,0,178761:0:0:0:0:
64,0,178582,1,0,1:0:0:0:
320,0,178761,128,0,178939:0:0:0:0:
192,0,178939,128,0,179118:0:0:0:0:
448,0,179118,128,0,179296:0:0:0:0:
320,0,179296,128,0,179386:0:0:0:0:
192,0,179386,128,0,179475:0:0:0:0:
192,0,179564,128,0,179832:0:0:0:0:
320,0,179832,128,0,180011:0:0:0:0:
64,0,180011,1,0,1:0:0:0:
192,0,180055,1,0,1:0:0:0:
320,0,180100,1,0,1:0:0:0:
448,0,180145,1,0,1:0:0:0:
64,0,180189,1,0,1:0:0:0:
192,0,180234,1,0,1:0:0:0:
448,0,180278,1,0,1:0:0:0:
320,0,180323,1,0,1:0:0:0:
64,0,180368,128,0,180457:0:0:0:0:
320,0,180457,128,0,180472:0:0:0:0:
192,0,180502,128,0,180532:0:0:0:0:
448,0,180546,128,0,180606:0:0:0:0:
64,0,180725,1,0,1:0:0:0:
192,0,180770,1,0,1:0:0:0:
320,0,180814,1,0,1:0:0:0:
448,0,180859,1,0,1:0:0:0:
64,0,180903,1,0,1:0:0:0:
192,0,180948,1,0,1:0:0:0:
320,0,180993,1,0,1:0:0:0:
448,0,181037,1,0,1:0:0:0:
64,0,181082,1,0,1:0:0:0:
192,0,181127,1,0,1:0:0:0:
320,0,181171,1,0,1:0:0:0:
448,0,181216,1,0,1:0:0:0:
64,0,181261,1,0,1:0:0:0:
192,0,181305,1,0,1:0:0:0:
320,0,181350,1,0,1:0:0:0:
448,0,181395,1,0,1:0:0:0:
192,0,181439,128,0,182153:0:0:0:0:
64,0,181439,128,0,182153:0:0:0:0:
