osu file format v14

[General]
AudioFilename: Gee.mp3
AudioLeadIn: 1500
PreviewTime: 61000
Countdown: 0
SampleSet: Normal
StackLeniency: 0.7
Mode: 3
LetterboxInBreaks: 0
SpecialStyle: 0
WidescreenStoryboard: 0

[Editor]
DistanceSpacing: 0.8
BeatDivisor: 4
GridSize: 16
TimelineZoom: 1

[Metadata]
Title:Gee
TitleUnicode:Gee
Artist:Girls' Generation
ArtistUnicode:Girls' Generation
Creator:antip0is0n
Version:Easy(dance-single)
Source:
Tags:
BeatmapID:0
BeatmapSetID:-1

[Difficulty]
HPDrainRate:7
CircleSize:4
OverallDifficulty:7
ApproachRate:9
SliderMultiplier:1.4
SliderTickRate:1

[Events]
//Background and Video events
0,0,"bg.jpg",0,0
//Break Periods
//Storyboard Layer 0 (Background)
//Storyboard Layer 1 (Fail)
//Storyboard Layer 2 (Pass)
//Storyboard Layer 3 (Foreground)
//Storyboard Layer 4 (Overlay)
//Storyboard Sound Samples

[TimingPoints]
238,300,4,1,0,15,1,0


[HitObjects]
64,0,3438,5,0,1:0:0:0:
448,0,3438,1,0,1:0:0:0:
320,0,3738,1,0,1:0:0:0:
448,0,3738,1,0,1:0:0:0:
448,0,4038,1,0,1:0:0:0:
192,0,4188,1,0,1:0:0:0:
64,0,4338,1,0,1:0:0:0:
320,0,4338,1,0,1:0:0:0:
448,0,4338,1,0,1:0:0:0:
192,0,4488,1,0,1:0:0:0:
64,0,4638,1,0,1:0:0:0:
320,0,4638,1,0,1:0:0:0:
64,0,4938,1,0,1:0:0:0:
320,0,4938,1,0,1:0:0:0:
448,0,4938,1,0,1:0:0:0:
320,0,5088,1,0,1:0:0:0:
448,0,5088,1,0,1:0:0:0:
64,0,5238,1,0,1:0:0:0:
320,0,5238,1,0,1:0:0:0:
320,0,5538,1,0,1:0:0:0:
448,0,5538,1,0,1:0:0:0:
64,0,5838,1,0,1:0:0:0:
320,0,5838,1,0,1:0:0:0:
192,0,5988,1,0,1:0:0:0:
320,0,6138,1,0,1:0:0:0:
448,0,6138,1,0,1:0:0:0:
448,0,6438,1,0,1:0:0:0:
192,0,6588,1,0,1:0:0:0:
64,0,6738,1,0,1:0:0:0:
320,0,6738,1,0,1:0:0:0:
448,0,6738,1,0,1:0:0:0:
64,0,6888,1,0,1:0:0:0:
320,0,6888,1,0,1:0:0:0:
64,0,7038,1,0,1:0:0:0:
320,0,7038,1,0,1:0:0:0:
192,0,7188,1,0,1:0:0:0:
320,0,7338,1,0,1:0:0:0:
448,0,7338,1,0,1:0:0:0:
64,0,7488,1,0,1:0:0:0:
320,0,7488,1,0,1:0:0:0:
448,0,7488,1,0,1:0:0:0:
64,0,7638,1,0,1:0:0:0:
320,0,7638,1,0,1:0:0:0:
320,0,7938,1,0,1:0:0:0:
448,0,7938,1,0,1:0:0:0:
64,0,8238,1,0,1:0:0:0:
320,0,8238,1,0,1:0:0:0:
192,0,8388,1,0,1:0:0:0:
320,0,8538,1,0,1:0:0:0:
448,0,8538,1,0,1:0:0:0:
448,0,8838,1,0,1:0:0:0:
192,0,8988,1,0,1:0:0:0:
64,0,9138,1,0,1:0:0:0:
320,0,9138,1,0,1:0:0:0:
448,0,9138,1,0,1:0:0:0:
192,0,9288,1,0,1:0:0:0:
64,0,9438,1,0,1:0:0:0:
320,0,9438,1,0,1:0:0:0:
192,0,9588,1,0,1:0:0:0:
64,0,9738,1,0,1:0:0:0:
320,0,9738,1,0,1:0:0:0:
448,0,9738,1,0,1:0:0:0:
320,0,9888,1,0,1:0:0:0:
448,0,9888,1,0,1:0:0:0:
320,0,10338,1,0,1:0:0:0:
448,0,10338,1,0,1:0:0:0:
64,0,10638,1,0,1:0:0:0:
192,0,10638,1,0,1:0:0:0:
320,0,10638,1,0,1:0:0:0:
448,0,10638,1,0,1:0:0:0:
64,0,10938,1,0,1:0:0:0:
320,0,10938,1,0,1:0:0:0:
448,0,10938,1,0,1:0:0:0:
64,0,11238,1,0,1:0:0:0:
192,0,11238,1,0,1:0:0:0:
320,0,11238,1,0,1:0:0:0:
448,0,11238,1,0,1:0:0:0:
64,0,11538,1,0,1:0:0:0:
320,0,11538,1,0,1:0:0:0:
448,0,11538,1,0,1:0:0:0:
64,0,11838,1,0,1:0:0:0:
192,0,11838,1,0,1:0:0:0:
320,0,11838,1,0,1:0:0:0:
448,0,11838,1,0,1:0:0:0:
64,0,12138,1,0,1:0:0:0:
320,0,12138,1,0,1:0:0:0:
448,0,12138,1,0,1:0:0:0:
192,0,12213,1,0,1:0:0:0:
320,0,12288,1,0,1:0:0:0:
448,0,12288,1,0,1:0:0:0:
64,0,12438,1,0,1:0:0:0:
192,0,12438,1,0,1:0:0:0:
448,0,12438,1,0,1:0:0:0:
320,0,12513,1,0,1:0:0:0:
64,0,12588,1,0,1:0:0:0:
192,0,12588,1,0,1:0:0:0:
448,0,12663,1,0,1:0:0:0:
64,0,12738,1,0,1:0:0:0:
448,0,12813,1,0,1:0:0:0:
192,0,12888,1,0,1:0:0:0:
320,0,12963,1,0,1:0:0:0:
64,0,13038,1,0,1:0:0:0:
192,0,13038,1,0,1:0:0:0:
448,0,13038,1,0,1:0:0:0:
64,0,13188,1,0,1:0:0:0:
192,0,13188,1,0,1:0:0:0:
320,0,13188,1,0,1:0:0:0:
64,0,13338,1,0,1:0:0:0:
192,0,13338,1,0,1:0:0:0:
448,0,13338,1,0,1:0:0:0:
192,0,13488,1,0,1:0:0:0:
320,0,13488,1,0,1:0:0:0:
448,0,13488,1,0,1:0:0:0:
64,0,13638,1,0,1:0:0:0:
320,0,13638,1,0,1:0:0:0:
448,0,13638,1,0,1:0:0:0:
192,0,13788,1,0,1:0:0:0:
64,0,13938,1,0,1:0:0:0:
192,0,13938,1,0,1:0:0:0:
448,0,13938,1,0,1:0:0:0:
64,0,14088,1,0,1:0:0:0:
320,0,14088,1,0,1:0:0:0:
448,0,14088,1,0,1:0:0:0:
192,0,14238,1,0,1:0:0:0:
320,0,14238,1,0,1:0:0:0:
64,0,14388,1,0,1:0:0:0:
192,0,14388,1,0,1:0:0:0:
448,0,14388,1,0,1:0:0:0:
64,0,14538,1,0,1:0:0:0:
320,0,14538,1,0,1:0:0:0:
448,0,14538,1,0,1:0:0:0:
64,0,14688,1,0,1:0:0:0:
192,0,14688,1,0,1:0:0:0:
320,0,14688,1,0,1:0:0:0:
192,0,14838,1,0,1:0:0:0:
320,0,14838,1,0,1:0:0:0:
448,0,14838,1,0,1:0:0:0:
64,0,15138,1,0,1:0:0:0:
320,0,15138,1,0,1:0:0:0:
448,0,15138,1,0,1:0:0:0:
64,0,15438,1,0,1:0:0:0:
192,0,15438,1,0,1:0:0:0:
320,0,15438,1,0,1:0:0:0:
192,0,15588,1,0,1:0:0:0:
320,0,15588,1,0,1:0:0:0:
448,0,15588,1,0,1:0:0:0:
64,0,15738,1,0,1:0:0:0:
192,0,15738,1,0,1:0:0:0:
448,0,15738,1,0,1:0:0:0:
64,0,15888,1,0,1:0:0:0:
320,0,15888,1,0,1:0:0:0:
448,0,15888,1,0,1:0:0:0:
64,0,16038,1,0,1:0:0:0:
192,0,16038,1,0,1:0:0:0:
320,0,16038,1,0,1:0:0:0:
448,0,16188,1,0,1:0:0:0:
64,0,16338,1,0,1:0:0:0:
192,0,16338,1,0,1:0:0:0:
448,0,16338,1,0,1:0:0:0:
64,0,16488,1,0,1:0:0:0:
320,0,16488,1,0,1:0:0:0:
448,0,16488,1,0,1:0:0:0:
64,0,16638,1,0,1:0:0:0:
192,0,16638,1,0,1:0:0:0:
320,0,16788,1,0,1:0:0:0:
64,0,16938,1,0,1:0:0:0:
192,0,16938,1,0,1:0:0:0:
448,0,16938,1,0,1:0:0:0:
320,0,17088,1,0,1:0:0:0:
448,0,17088,1,0,1:0:0:0:
64,0,17238,1,0,1:0:0:0:
320,0,17238,1,0,1:0:0:0:
448,0,17238,1,0,1:0:0:0:
64,0,17538,1,0,1:0:0:0:
192,0,17538,1,0,1:0:0:0:
448,0,17538,1,0,1:0:0:0:
64,0,17838,1,0,1:0:0:0:
192,0,17838,1,0,1:0:0:0:
320,0,17838,1,0,1:0:0:0:
448,0,17838,1,0,1:0:0:0:
64,0,17988,1,0,1:0:0:0:
192,0,17988,1,0,1:0:0:0:
64,0,18138,1,0,1:0:0:0:
192,0,18138,1,0,1:0:0:0:
320,0,18138,1,0,1:0:0:0:
448,0,18138,1,0,1:0:0:0:
320,0,18288,1,0,1:0:0:0:
448,0,18288,1,0,1:0:0:0:
64,0,18438,1,0,1:0:0:0:
192,0,18438,1,0,1:0:0:0:
320,0,18438,1,0,1:0:0:0:
448,0,18438,1,0,1:0:0:0:
64,0,18588,1,0,1:0:0:0:
192,0,18588,1,0,1:0:0:0:
64,0,18738,1,0,1:0:0:0:
192,0,18738,1,0,1:0:0:0:
320,0,18738,1,0,1:0:0:0:
448,0,18738,1,0,1:0:0:0:
320,0,18888,1,0,1:0:0:0:
448,0,18888,1,0,1:0:0:0:
64,0,19038,1,0,1:0:0:0:
320,0,19038,1,0,1:0:0:0:
448,0,19038,1,0,1:0:0:0:
192,0,19188,1,0,1:0:0:0:
64,0,19338,1,0,1:0:0:0:
192,0,19338,1,0,1:0:0:0:
320,0,19338,1,0,1:0:0:0:
64,0,19488,1,0,1:0:0:0:
320,0,19488,1,0,1:0:0:0:
448,0,19488,1,0,1:0:0:0:
192,0,19638,1,0,1:0:0:0:
64,0,19788,1,0,1:0:0:0:
320,0,19788,1,0,1:0:0:0:
448,0,19788,1,0,1:0:0:0:
64,0,19938,1,0,1:0:0:0:
192,0,19938,1,0,1:0:0:0:
448,0,19938,1,0,1:0:0:0:
64,0,20088,1,0,1:0:0:0:
192,0,20088,1,0,1:0:0:0:
320,0,20088,1,0,1:0:0:0:
64,0,20238,1,0,1:0:0:0:
192,0,20238,1,0,1:0:0:0:
320,0,20238,1,0,1:0:0:0:
448,0,20238,1,0,1:0:0:0:
320,0,20388,1,0,1:0:0:0:
448,0,20388,1,0,1:0:0:0:
64,0,20538,1,0,1:0:0:0:
192,0,20538,1,0,1:0:0:0:
320,0,20538,1,0,1:0:0:0:
448,0,20538,1,0,1:0:0:0:
64,0,20688,1,0,1:0:0:0:
192,0,20688,1,0,1:0:0:0:
64,0,20838,1,0,1:0:0:0:
192,0,20838,1,0,1:0:0:0:
320,0,20838,1,0,1:0:0:0:
448,0,20838,1,0,1:0:0:0:
320,0,20988,1,0,1:0:0:0:
448,0,20988,1,0,1:0:0:0:
64,0,21138,1,0,1:0:0:0:
192,0,21138,1,0,1:0:0:0:
320,0,21138,1,0,1:0:0:0:
448,0,21138,1,0,1:0:0:0:
64,0,21288,1,0,1:0:0:0:
192,0,21288,1,0,1:0:0:0:
64,0,21438,1,0,1:0:0:0:
192,0,21438,1,0,1:0:0:0:
320,0,21438,1,0,1:0:0:0:
448,0,21438,1,0,1:0:0:0:
320,0,21588,1,0,1:0:0:0:
64,0,21738,1,0,1:0:0:0:
192,0,21738,1,0,1:0:0:0:
448,0,21738,1,0,1:0:0:0:
192,0,21888,1,0,1:0:0:0:
320,0,21888,1,0,1:0:0:0:
448,0,21888,1,0,1:0:0:0:
64,0,22038,1,0,1:0:0:0:
448,0,22038,1,0,1:0:0:0:
64,0,22188,1,0,1:0:0:0:
192,0,22188,1,0,1:0:0:0:
320,0,22188,1,0,1:0:0:0:
64,0,22338,1,0,1:0:0:0:
192,0,22338,1,0,1:0:0:0:
448,0,22338,1,0,1:0:0:0:
192,0,22488,1,0,1:0:0:0:
320,0,22488,1,0,1:0:0:0:
448,0,22488,1,0,1:0:0:0:
64,0,22638,1,0,1:0:0:0:
320,0,22638,1,0,1:0:0:0:
448,0,22638,1,0,1:0:0:0:
64,0,22788,1,0,1:0:0:0:
192,0,22788,1,0,1:0:0:0:
320,0,22788,1,0,1:0:0:0:
64,0,22938,1,0,1:0:0:0:
192,0,22938,1,0,1:0:0:0:
448,0,22938,1,0,1:0:0:0:
192,0,23088,1,0,1:0:0:0:
320,0,23088,1,0,1:0:0:0:
448,0,23088,1,0,1:0:0:0:
64,0,23238,1,0,1:0:0:0:
320,0,23238,1,0,1:0:0:0:
448,0,23238,1,0,1:0:0:0:
192,0,23388,1,0,1:0:0:0:
64,0,23538,1,0,1:0:0:0:
192,0,23538,1,0,1:0:0:0:
320,0,23538,1,0,1:0:0:0:
64,0,23688,1,0,1:0:0:0:
320,0,23688,1,0,1:0:0:0:
448,0,23688,1,0,1:0:0:0:
192,0,23838,1,0,1:0:0:0:
448,0,23838,1,0,1:0:0:0:
64,0,23988,1,0,1:0:0:0:
192,0,23988,1,0,1:0:0:0:
320,0,23988,1,0,1:0:0:0:
64,0,24138,1,0,1:0:0:0:
192,0,24138,1,0,1:0:0:0:
448,0,24138,1,0,1:0:0:0:
64,0,24288,1,0,1:0:0:0:
320,0,24288,1,0,1:0:0:0:
448,0,24288,1,0,1:0:0:0:
192,0,24438,1,0,1:0:0:0:
320,0,24438,1,0,1:0:0:0:
448,0,24438,1,0,1:0:0:0:
64,0,24738,1,0,1:0:0:0:
192,0,24738,1,0,1:0:0:0:
320,0,24738,1,0,1:0:0:0:
192,0,25038,1,0,1:0:0:0:
320,0,25038,1,0,1:0:0:0:
448,0,25038,1,0,1:0:0:0:
64,0,25188,1,0,1:0:0:0:
192,0,25188,1,0,1:0:0:0:
320,0,25188,1,0,1:0:0:0:
64,0,25338,1,0,1:0:0:0:
320,0,25338,1,0,1:0:0:0:
448,0,25338,1,0,1:0:0:0:
64,0,25488,1,0,1:0:0:0:
192,0,25488,1,0,1:0:0:0:
448,0,25488,1,0,1:0:0:0:
192,0,25638,1,0,1:0:0:0:
320,0,25638,1,0,1:0:0:0:
448,0,25638,1,0,1:0:0:0:
64,0,25788,1,0,1:0:0:0:
64,0,25938,1,0,1:0:0:0:
192,0,25938,1,0,1:0:0:0:
320,0,25938,1,0,1:0:0:0:
64,0,26088,1,0,1:0:0:0:
192,0,26088,1,0,1:0:0:0:
448,0,26088,1,0,1:0:0:0:
320,0,26238,1,0,1:0:0:0:
448,0,26238,1,0,1:0:0:0:
64,0,26388,1,0,1:0:0:0:
192,0,26388,1,0,1:0:0:0:
320,0,26388,1,0,1:0:0:0:
64,0,26538,1,0,1:0:0:0:
192,0,26538,1,0,1:0:0:0:
448,0,26538,1,0,1:0:0:0:
192,0,26688,1,0,1:0:0:0:
320,0,26688,1,0,1:0:0:0:
64,0,26838,1,0,1:0:0:0:
320,0,26838,1,0,1:0:0:0:
448,0,26838,1,0,1:0:0:0:
64,0,27138,1,0,1:0:0:0:
192,0,27138,1,0,1:0:0:0:
448,0,27138,1,0,1:0:0:0:
64,0,27438,1,0,1:0:0:0:
192,0,27438,1,0,1:0:0:0:
320,0,27438,1,0,1:0:0:0:
448,0,27438,1,0,1:0:0:0:
64,0,27588,1,0,1:0:0:0:
192,0,27588,1,0,1:0:0:0:
64,0,27738,1,0,1:0:0:0:
192,0,27738,1,0,1:0:0:0:
320,0,27738,1,0,1:0:0:0:
448,0,27738,1,0,1:0:0:0:
320,0,27888,1,0,1:0:0:0:
448,0,27888,1,0,1:0:0:0:
64,0,28038,1,0,1:0:0:0:
192,0,28038,1,0,1:0:0:0:
320,0,28038,1,0,1:0:0:0:
448,0,28038,1,0,1:0:0:0:
64,0,28188,1,0,1:0:0:0:
448,0,28188,1,0,1:0:0:0:
64,0,28338,1,0,1:0:0:0:
192,0,28338,1,0,1:0:0:0:
320,0,28338,1,0,1:0:0:0:
448,0,28338,1,0,1:0:0:0:
64,0,28488,1,0,1:0:0:0:
192,0,28488,1,0,1:0:0:0:
64,0,28638,1,0,1:0:0:0:
320,0,28638,1,0,1:0:0:0:
448,0,28638,1,0,1:0:0:0:
192,0,28788,1,0,1:0:0:0:
64,0,28938,1,0,1:0:0:0:
192,0,28938,1,0,1:0:0:0:
320,0,28938,1,0,1:0:0:0:
64,0,29088,1,0,1:0:0:0:
320,0,29088,1,0,1:0:0:0:
448,0,29088,1,0,1:0:0:0:
192,0,29238,1,0,1:0:0:0:
64,0,29388,1,0,1:0:0:0:
320,0,29388,1,0,1:0:0:0:
448,0,29388,1,0,1:0:0:0:
192,0,29538,1,0,1:0:0:0:
320,0,29538,1,0,1:0:0:0:
448,0,29538,1,0,1:0:0:0:
64,0,29688,1,0,1:0:0:0:
192,0,29688,1,0,1:0:0:0:
448,0,29688,1,0,1:0:0:0:
64,0,29838,1,0,1:0:0:0:
192,0,29838,1,0,1:0:0:0:
320,0,29838,1,0,1:0:0:0:
448,0,29838,1,0,1:0:0:0:
64,0,29988,1,0,1:0:0:0:
192,0,29988,1,0,1:0:0:0:
64,0,30138,1,0,1:0:0:0:
192,0,30138,1,0,1:0:0:0:
320,0,30138,1,0,1:0:0:0:
448,0,30138,1,0,1:0:0:0:
320,0,30288,1,0,1:0:0:0:
448,0,30288,1,0,1:0:0:0:
64,0,30438,1,0,1:0:0:0:
192,0,30438,1,0,1:0:0:0:
320,0,30438,1,0,1:0:0:0:
448,0,30438,1,0,1:0:0:0:
64,0,30588,1,0,1:0:0:0:
192,0,30588,1,0,1:0:0:0:
64,0,30738,1,0,1:0:0:0:
192,0,30738,1,0,1:0:0:0:
320,0,30738,1,0,1:0:0:0:
448,0,30738,1,0,1:0:0:0:
320,0,30888,1,0,1:0:0:0:
448,0,30888,1,0,1:0:0:0:
64,0,31038,1,0,1:0:0:0:
192,0,31038,1,0,1:0:0:0:
320,0,31038,1,0,1:0:0:0:
448,0,31038,1,0,1:0:0:0:
64,0,31338,1,0,1:0:0:0:
320,0,31338,1,0,1:0:0:0:
448,0,31338,1,0,1:0:0:0:
64,0,31488,1,0,1:0:0:0:
320,0,31488,1,0,1:0:0:0:
448,0,31488,1,0,1:0:0:0:
64,0,31788,1,0,1:0:0:0:
320,0,31788,1,0,1:0:0:0:
448,0,31788,1,0,1:0:0:0:
64,0,31938,1,0,1:0:0:0:
320,0,31938,1,0,1:0:0:0:
448,0,31938,1,0,1:0:0:0:
64,0,32088,1,0,1:0:0:0:
320,0,32088,1,0,1:0:0:0:
448,0,32088,1,0,1:0:0:0:
64,0,32238,1,0,1:0:0:0:
192,0,32238,1,0,1:0:0:0:
448,0,32238,1,0,1:0:0:0:
320,0,32388,1,0,1:0:0:0:
192,0,32538,1,0,1:0:0:0:
320,0,32538,1,0,1:0:0:0:
448,0,32538,1,0,1:0:0:0:
64,0,32688,1,0,1:0:0:0:
320,0,32688,1,0,1:0:0:0:
448,0,32688,1,0,1:0:0:0:
192,0,32838,1,0,1:0:0:0:
448,0,32838,1,0,1:0:0:0:
64,0,32988,1,0,1:0:0:0:
192,0,32988,1,0,1:0:0:0:
320,0,32988,1,0,1:0:0:0:
64,0,33138,1,0,1:0:0:0:
192,0,33138,1,0,1:0:0:0:
448,0,33138,1,0,1:0:0:0:
192,0,33288,1,0,1:0:0:0:
320,0,33288,1,0,1:0:0:0:
448,0,33288,1,0,1:0:0:0:
64,0,33438,1,0,1:0:0:0:
320,0,33438,1,0,1:0:0:0:
448,0,33438,1,0,1:0:0:0:
192,0,33588,1,0,1:0:0:0:
64,0,33738,1,0,1:0:0:0:
192,0,33738,1,0,1:0:0:0:
320,0,33738,1,0,1:0:0:0:
64,0,33888,1,0,1:0:0:0:
448,0,33888,1,0,1:0:0:0:
64,0,34038,1,0,1:0:0:0:
192,0,34038,1,0,1:0:0:0:
448,0,34038,1,0,1:0:0:0:
320,0,34188,1,0,1:0:0:0:
192,0,34338,1,0,1:0:0:0:
320,0,34338,1,0,1:0:0:0:
448,0,34338,1,0,1:0:0:0:
192,0,34488,1,0,1:0:0:0:
64,0,34638,1,0,1:0:0:0:
320,0,34638,1,0,1:0:0:0:
448,0,34638,1,0,1:0:0:0:
64,0,34788,1,0,1:0:0:0:
192,0,34938,1,0,1:0:0:0:
320,0,34938,1,0,1:0:0:0:
448,0,34938,1,0,1:0:0:0:
64,0,35088,1,0,1:0:0:0:
192,0,35088,1,0,1:0:0:0:
320,0,35088,1,0,1:0:0:0:
192,0,35238,1,0,1:0:0:0:
448,0,35238,1,0,1:0:0:0:
64,0,35388,1,0,1:0:0:0:
320,0,35388,1,0,1:0:0:0:
448,0,35388,1,0,1:0:0:0:
192,0,35538,1,0,1:0:0:0:
320,0,35538,1,0,1:0:0:0:
448,0,35538,1,0,1:0:0:0:
64,0,35688,1,0,1:0:0:0:
64,0,35838,1,0,1:0:0:0:
192,0,35838,1,0,1:0:0:0:
448,0,35838,1,0,1:0:0:0:
320,0,35988,1,0,1:0:0:0:
192,0,36138,1,0,1:0:0:0:
320,0,36138,1,0,1:0:0:0:
448,0,36138,1,0,1:0:0:0:
64,0,36288,1,0,1:0:0:0:
192,0,36288,1,0,1:0:0:0:
64,0,36438,1,0,1:0:0:0:
320,0,36438,1,0,1:0:0:0:
448,0,36438,1,0,1:0:0:0:
448,0,36588,1,0,1:0:0:0:
64,0,36738,1,0,1:0:0:0:
320,0,36738,1,0,1:0:0:0:
448,0,36738,1,0,1:0:0:0:
192,0,36888,1,0,1:0:0:0:
64,0,37038,1,0,1:0:0:0:
192,0,37038,1,0,1:0:0:0:
448,0,37038,1,0,1:0:0:0:
64,0,37188,1,0,1:0:0:0:
320,0,37188,1,0,1:0:0:0:
448,0,37188,1,0,1:0:0:0:
64,0,37338,1,0,1:0:0:0:
192,0,37338,1,0,1:0:0:0:
320,0,37338,1,0,1:0:0:0:
192,0,37488,1,0,1:0:0:0:
320,0,37488,1,0,1:0:0:0:
448,0,37488,1,0,1:0:0:0:
64,0,37638,1,0,1:0:0:0:
320,0,37638,1,0,1:0:0:0:
448,0,37638,1,0,1:0:0:0:
64,0,37788,1,0,1:0:0:0:
192,0,37788,1,0,1:0:0:0:
448,0,37788,1,0,1:0:0:0:
64,0,37938,1,0,1:0:0:0:
192,0,37938,1,0,1:0:0:0:
320,0,37938,1,0,1:0:0:0:
192,0,38088,1,0,1:0:0:0:
320,0,38088,1,0,1:0:0:0:
448,0,38088,1,0,1:0:0:0:
64,0,38238,1,0,1:0:0:0:
320,0,38238,1,0,1:0:0:0:
448,0,38238,1,0,1:0:0:0:
192,0,38388,1,0,1:0:0:0:
64,0,38538,1,0,1:0:0:0:
192,0,38538,1,0,1:0:0:0:
320,0,38538,1,0,1:0:0:0:
320,0,38688,1,0,1:0:0:0:
448,0,38688,1,0,1:0:0:0:
64,0,38838,1,0,1:0:0:0:
192,0,38838,1,0,1:0:0:0:
448,0,38838,1,0,1:0:0:0:
320,0,38988,1,0,1:0:0:0:
192,0,39138,1,0,1:0:0:0:
320,0,39138,1,0,1:0:0:0:
448,0,39138,1,0,1:0:0:0:
64,0,39288,1,0,1:0:0:0:
64,0,39438,1,0,1:0:0:0:
320,0,39438,1,0,1:0:0:0:
448,0,39438,1,0,1:0:0:0:
192,0,39588,1,0,1:0:0:0:
64,0,39738,1,0,1:0:0:0:
192,0,39738,1,0,1:0:0:0:
320,0,39738,1,0,1:0:0:0:
320,0,39888,1,0,1:0:0:0:
448,0,39888,1,0,1:0:0:0:
64,0,40038,1,0,1:0:0:0:
192,0,40038,1,0,1:0:0:0:
448,0,40038,1,0,1:0:0:0:
64,0,40188,1,0,1:0:0:0:
192,0,40338,1,0,1:0:0:0:
320,0,40338,1,0,1:0:0:0:
448,0,40338,1,0,1:0:0:0:
64,0,40488,1,0,1:0:0:0:
192,0,40488,1,0,1:0:0:0:
64,0,40638,1,0,1:0:0:0:
320,0,40638,1,0,1:0:0:0:
448,0,40638,1,0,1:0:0:0:
448,0,40788,1,0,1:0:0:0:
64,0,40938,1,0,1:0:0:0:
192,0,40938,1,0,1:0:0:0:
320,0,40938,1,0,1:0:0:0:
64,0,41088,1,0,1:0:0:0:
448,0,41088,1,0,1:0:0:0:
192,0,41238,1,0,1:0:0:0:
320,0,41238,1,0,1:0:0:0:
448,0,41238,1,0,1:0:0:0:
64,0,41388,1,0,1:0:0:0:
192,0,41388,1,0,1:0:0:0:
64,0,41538,1,0,1:0:0:0:
320,0,41538,1,0,1:0:0:0:
448,0,41538,1,0,1:0:0:0:
192,0,41688,1,0,1:0:0:0:
320,0,41688,1,0,1:0:0:0:
64,0,41838,1,0,1:0:0:0:
192,0,41838,1,0,1:0:0:0:
448,0,41838,1,0,1:0:0:0:
320,0,41988,1,0,1:0:0:0:
64,0,42138,1,0,1:0:0:0:
320,0,42138,1,0,1:0:0:0:
448,0,42138,1,0,1:0:0:0:
192,0,42288,1,0,1:0:0:0:
64,0,42438,1,0,1:0:0:0:
192,0,42438,1,0,1:0:0:0:
448,0,42588,1,0,1:0:0:0:
192,0,42738,1,0,1:0:0:0:
320,0,42738,1,0,1:0:0:0:
448,0,42738,1,0,1:0:0:0:
64,0,42888,1,0,1:0:0:0:
320,0,42888,1,0,1:0:0:0:
64,0,43038,1,0,1:0:0:0:
192,0,43038,1,0,1:0:0:0:
448,0,43038,1,0,1:0:0:0:
192,0,43188,1,0,1:0:0:0:
320,0,43188,1,0,1:0:0:0:
448,0,43188,1,0,1:0:0:0:
64,0,43338,1,0,1:0:0:0:
320,0,43338,1,0,1:0:0:0:
448,0,43338,1,0,1:0:0:0:
64,0,43488,1,0,1:0:0:0:
192,0,43488,1,0,1:0:0:0:
320,0,43488,1,0,1:0:0:0:
64,0,43638,1,0,1:0:0:0:
192,0,43638,1,0,1:0:0:0:
448,0,43638,1,0,1:0:0:0:
320,0,43788,1,0,1:0:0:0:
64,0,43938,1,0,1:0:0:0:
192,0,43938,1,0,1:0:0:0:
320,0,43938,1,0,1:0:0:0:
64,0,44088,1,0,1:0:0:0:
192,0,44238,1,0,1:0:0:0:
320,0,44238,1,0,1:0:0:0:
448,0,44238,1,0,1:0:0:0:
320,0,44388,1,0,1:0:0:0:
64,0,44538,1,0,1:0:0:0:
192,0,44538,1,0,1:0:0:0:
448,0,44538,1,0,1:0:0:0:
64,0,44688,1,0,1:0:0:0:
64,0,44838,1,0,1:0:0:0:
448,0,44838,1,0,1:0:0:0:
320,0,44988,1,0,1:0:0:0:
64,0,45138,1,0,1:0:0:0:
320,0,45138,1,0,1:0:0:0:
448,0,45138,1,0,1:0:0:0:
192,0,45288,1,0,1:0:0:0:
64,0,45438,1,0,1:0:0:0:
320,0,45438,1,0,1:0:0:0:
448,0,45438,1,0,1:0:0:0:
64,0,45588,1,0,1:0:0:0:
192,0,45588,1,0,1:0:0:0:
448,0,45588,1,0,1:0:0:0:
192,0,45738,1,0,1:0:0:0:
320,0,45738,1,0,1:0:0:0:
448,0,45738,1,0,1:0:0:0:
64,0,45888,1,0,1:0:0:0:
192,0,45888,1,0,1:0:0:0:
320,0,45888,1,0,1:0:0:0:
64,0,46038,1,0,1:0:0:0:
320,0,46038,1,0,1:0:0:0:
448,0,46038,1,0,1:0:0:0:
192,0,46188,1,0,1:0:0:0:
64,0,46338,1,0,1:0:0:0:
192,0,46338,1,0,1:0:0:0:
320,0,46338,1,0,1:0:0:0:
320,0,46488,1,0,1:0:0:0:
64,0,46638,1,0,1:0:0:0:
320,0,46638,1,0,1:0:0:0:
448,0,46638,1,0,1:0:0:0:
448,0,46788,1,0,1:0:0:0:
64,0,46938,1,0,1:0:0:0:
192,0,46938,1,0,1:0:0:0:
448,0,46938,1,0,1:0:0:0:
320,0,47088,1,0,1:0:0:0:
64,0,47238,1,0,1:0:0:0:
192,0,47238,1,0,1:0:0:0:
64,0,47388,1,0,1:0:0:0:
64,0,47538,1,0,1:0:0:0:
320,0,47538,1,0,1:0:0:0:
448,0,47538,1,0,1:0:0:0:
192,0,47688,1,0,1:0:0:0:
448,0,47688,1,0,1:0:0:0:
64,0,47838,1,0,1:0:0:0:
192,0,47838,1,0,1:0:0:0:
320,0,47838,1,0,1:0:0:0:
320,0,47988,1,0,1:0:0:0:
64,0,48138,1,0,1:0:0:0:
192,0,48138,1,0,1:0:0:0:
448,0,48138,1,0,1:0:0:0:
64,0,48288,1,0,1:0:0:0:
192,0,48288,1,0,1:0:0:0:
64,0,48438,1,0,1:0:0:0:
448,0,48438,1,0,1:0:0:0:
192,0,48588,1,0,1:0:0:0:
320,0,48588,1,0,1:0:0:0:
448,0,48588,1,0,1:0:0:0:
64,0,48738,1,0,1:0:0:0:
320,0,48738,1,0,1:0:0:0:
64,0,48888,1,0,1:0:0:0:
192,0,48888,1,0,1:0:0:0:
448,0,48888,1,0,1:0:0:0:
64,0,49038,1,0,1:0:0:0:
320,0,49038,1,0,1:0:0:0:
448,0,49038,1,0,1:0:0:0:
320,0,49188,1,0,1:0:0:0:
448,0,49188,1,0,1:0:0:0:
64,0,49263,1,0,1:0:0:0:
192,0,49263,1,0,1:0:0:0:
320,0,49338,1,0,1:0:0:0:
448,0,49338,1,0,1:0:0:0:
320,0,49488,1,0,1:0:0:0:
448,0,49488,1,0,1:0:0:0:
64,0,49638,1,0,1:0:0:0:
192,0,49638,1,0,1:0:0:0:
448,0,49638,1,0,1:0:0:0:
64,0,49788,1,0,1:0:0:0:
192,0,49788,1,0,1:0:0:0:
320,0,49863,1,0,1:0:0:0:
448,0,49863,1,0,1:0:0:0:
64,0,49938,1,0,1:0:0:0:
192,0,49938,1,0,1:0:0:0:
64,0,50088,1,0,1:0:0:0:
192,0,50088,1,0,1:0:0:0:
64,0,50238,1,0,1:0:0:0:
320,0,50238,1,0,1:0:0:0:
448,0,50238,1,0,1:0:0:0:
64,0,50538,1,0,1:0:0:0:
192,0,50538,1,0,1:0:0:0:
320,0,50613,1,0,1:0:0:0:
448,0,50613,1,0,1:0:0:0:
64,0,50688,1,0,1:0:0:0:
192,0,50688,1,0,1:0:0:0:
320,0,50763,1,0,1:0:0:0:
64,0,50838,1,0,1:0:0:0:
192,0,50838,1,0,1:0:0:0:
448,0,50838,1,0,1:0:0:0:
320,0,50988,1,0,1:0:0:0:
64,0,51138,1,0,1:0:0:0:
320,0,51138,1,0,1:0:0:0:
448,0,51138,1,0,1:0:0:0:
192,0,51288,1,0,1:0:0:0:
64,0,51438,1,0,1:0:0:0:
192,0,51438,1,0,1:0:0:0:
448,0,51438,1,0,1:0:0:0:
192,0,51738,1,0,1:0:0:0:
320,0,51738,1,0,1:0:0:0:
448,0,51738,1,0,1:0:0:0:
64,0,52038,1,0,1:0:0:0:
192,0,52038,1,0,1:0:0:0:
320,0,52038,1,0,1:0:0:0:
320,0,52188,1,0,1:0:0:0:
64,0,52338,1,0,1:0:0:0:
192,0,52338,1,0,1:0:0:0:
448,0,52338,1,0,1:0:0:0:
192,0,52488,1,0,1:0:0:0:
320,0,52488,1,0,1:0:0:0:
448,0,52488,1,0,1:0:0:0:
64,0,52638,1,0,1:0:0:0:
448,0,52638,1,0,1:0:0:0:
192,0,52788,1,0,1:0:0:0:
64,0,52938,1,0,1:0:0:0:
320,0,52938,1,0,1:0:0:0:
448,0,52938,1,0,1:0:0:0:
64,0,53088,1,0,1:0:0:0:
448,0,53088,1,0,1:0:0:0:
64,0,53238,1,0,1:0:0:0:
192,0,53238,1,0,1:0:0:0:
320,0,53238,1,0,1:0:0:0:
320,0,53388,1,0,1:0:0:0:
64,0,53538,1,0,1:0:0:0:
192,0,53538,1,0,1:0:0:0:
448,0,53538,1,0,1:0:0:0:
64,0,53688,1,0,1:0:0:0:
320,0,53688,1,0,1:0:0:0:
64,0,53838,1,0,1:0:0:0:
192,0,53838,1,0,1:0:0:0:
320,0,53838,1,0,1:0:0:0:
448,0,53838,1,0,1:0:0:0:
320,0,53988,1,0,1:0:0:0:
448,0,53988,1,0,1:0:0:0:
64,0,54138,1,0,1:0:0:0:
192,0,54138,1,0,1:0:0:0:
320,0,54138,1,0,1:0:0:0:
448,0,54138,1,0,1:0:0:0:
64,0,54288,1,0,1:0:0:0:
192,0,54288,1,0,1:0:0:0:
64,0,54438,1,0,1:0:0:0:
192,0,54438,1,0,1:0:0:0:
320,0,54438,1,0,1:0:0:0:
448,0,54438,1,0,1:0:0:0:
320,0,54588,1,0,1:0:0:0:
448,0,54588,1,0,1:0:0:0:
64,0,54738,1,0,1:0:0:0:
192,0,54738,1,0,1:0:0:0:
320,0,54738,1,0,1:0:0:0:
448,0,54738,1,0,1:0:0:0:
64,0,54888,1,0,1:0:0:0:
192,0,54888,1,0,1:0:0:0:
64,0,55038,1,0,1:0:0:0:
192,0,55038,1,0,1:0:0:0:
320,0,55038,1,0,1:0:0:0:
448,0,55038,1,0,1:0:0:0:
320,0,55188,1,0,1:0:0:0:
64,0,55338,1,0,1:0:0:0:
192,0,55338,1,0,1:0:0:0:
448,0,55338,1,0,1:0:0:0:
64,0,55488,1,0,1:0:0:0:
320,0,55488,1,0,1:0:0:0:
448,0,55488,1,0,1:0:0:0:
64,0,55638,1,0,1:0:0:0:
192,0,55638,1,0,1:0:0:0:
320,0,55638,1,0,1:0:0:0:
448,0,55788,1,0,1:0:0:0:
64,0,55938,1,0,1:0:0:0:
192,0,55938,1,0,1:0:0:0:
448,0,55938,1,0,1:0:0:0:
320,0,56088,1,0,1:0:0:0:
192,0,56238,1,0,1:0:0:0:
320,0,56238,1,0,1:0:0:0:
448,0,56238,1,0,1:0:0:0:
64,0,56388,1,0,1:0:0:0:
64,0,56538,1,0,1:0:0:0:
320,0,56538,1,0,1:0:0:0:
448,0,56538,1,0,1:0:0:0:
192,0,56688,1,0,1:0:0:0:
64,0,56838,1,0,1:0:0:0:
192,0,56838,1,0,1:0:0:0:
320,0,56838,1,0,1:0:0:0:
448,0,56988,1,0,1:0:0:0:
64,0,57138,1,0,1:0:0:0:
192,0,57138,1,0,1:0:0:0:
448,0,57138,1,0,1:0:0:0:
64,0,57288,1,0,1:0:0:0:
192,0,57288,1,0,1:0:0:0:
320,0,57288,1,0,1:0:0:0:
320,0,57438,1,0,1:0:0:0:
448,0,57438,1,0,1:0:0:0:
192,0,57588,1,0,1:0:0:0:
64,0,57738,1,0,1:0:0:0:
320,0,57738,1,0,1:0:0:0:
448,0,57738,1,0,1:0:0:0:
64,0,57888,1,0,1:0:0:0:
448,0,57888,1,0,1:0:0:0:
64,0,58038,1,0,1:0:0:0:
192,0,58038,1,0,1:0:0:0:
320,0,58038,1,0,1:0:0:0:
320,0,58188,1,0,1:0:0:0:
64,0,58338,1,0,1:0:0:0:
192,0,58338,1,0,1:0:0:0:
448,0,58338,1,0,1:0:0:0:
64,0,58488,1,0,1:0:0:0:
192,0,58638,1,0,1:0:0:0:
320,0,58638,1,0,1:0:0:0:
448,0,58638,1,0,1:0:0:0:
320,0,58788,1,0,1:0:0:0:
448,0,58788,1,0,1:0:0:0:
64,0,58863,1,0,1:0:0:0:
192,0,58863,1,0,1:0:0:0:
320,0,58938,1,0,1:0:0:0:
448,0,58938,1,0,1:0:0:0:
320,0,59088,1,0,1:0:0:0:
448,0,59088,1,0,1:0:0:0:
64,0,59238,1,0,1:0:0:0:
192,0,59238,1,0,1:0:0:0:
448,0,59238,1,0,1:0:0:0:
64,0,59388,1,0,1:0:0:0:
192,0,59388,1,0,1:0:0:0:
320,0,59463,1,0,1:0:0:0:
448,0,59463,1,0,1:0:0:0:
64,0,59538,1,0,1:0:0:0:
192,0,59538,1,0,1:0:0:0:
64,0,59688,1,0,1:0:0:0:
192,0,59688,1,0,1:0:0:0:
320,0,59838,1,0,1:0:0:0:
448,0,59838,1,0,1:0:0:0:
64,0,59913,1,0,1:0:0:0:
192,0,59913,1,0,1:0:0:0:
320,0,59988,1,0,1:0:0:0:
448,0,59988,1,0,1:0:0:0:
64,0,60138,1,0,1:0:0:0:
192,0,60138,1,0,1:0:0:0:
320,0,60213,1,0,1:0:0:0:
448,0,60213,1,0,1:0:0:0:
64,0,60288,1,0,1:0:0:0:
192,0,60288,1,0,1:0:0:0:
64,0,60438,1,0,1:0:0:0:
320,0,60438,1,0,1:0:0:0:
448,0,60438,1,0,1:0:0:0:
192,0,60513,1,0,1:0:0:0:
320,0,60588,1,0,1:0:0:0:
448,0,60588,1,0,1:0:0:0:
64,0,60738,1,0,1:0:0:0:
192,0,60738,1,0,1:0:0:0:
448,0,60738,1,0,1:0:0:0:
320,0,60813,1,0,1:0:0:0:
64,0,60888,1,0,1:0:0:0:
192,0,60888,1,0,1:0:0:0:
448,0,60963,1,0,1:0:0:0:
64,0,61038,1,0,1:0:0:0:
192,0,61038,1,0,1:0:0:0:
320,0,61038,1,0,1:0:0:0:
64,0,61338,1,0,1:0:0:0:
320,0,61338,1,0,1:0:0:0:
448,0,61338,1,0,1:0:0:0:
64,0,61638,1,0,1:0:0:0:
192,0,61638,1,0,1:0:0:0:
320,0,61638,1,0,1:0:0:0:
448,0,61638,1,0,1:0:0:0:
192,0,61788,1,0,1:0:0:0:
64,0,61938,1,0,1:0:0:0:
320,0,61938,1,0,1:0:0:0:
448,0,61938,1,0,1:0:0:0:
64,0,62088,1,0,1:0:0:0:
192,0,62088,1,0,1:0:0:0:
448,0,62088,1,0,1:0:0:0:
320,0,62238,1,0,1:0:0:0:
448,0,62238,1,0,1:0:0:0:
192,0,62388,1,0,1:0:0:0:
64,0,62538,1,0,1:0:0:0:
320,0,62538,1,0,1:0:0:0:
448,0,62538,1,0,1:0:0:0:
64,0,62688,1,0,1:0:0:0:
192,0,62688,1,0,1:0:0:0:
64,0,62838,1,0,1:0:0:0:
192,0,62838,1,0,1:0:0:0:
448,0,62838,1,0,1:0:0:0:
320,0,62988,1,0,1:0:0:0:
192,0,63138,1,0,1:0:0:0:
320,0,63138,1,0,1:0:0:0:
448,0,63138,1,0,1:0:0:0:
64,0,63288,1,0,1:0:0:0:
448,0,63288,1,0,1:0:0:0:
64,0,63438,1,0,1:0:0:0:
192,0,63438,1,0,1:0:0:0:
320,0,63438,1,0,1:0:0:0:
448,0,63438,1,0,1:0:0:0:
320,0,63588,1,0,1:0:0:0:
448,0,63588,1,0,1:0:0:0:
64,0,63738,1,0,1:0:0:0:
192,0,63738,1,0,1:0:0:0:
320,0,63738,1,0,1:0:0:0:
448,0,63738,1,0,1:0:0:0:
64,0,63888,1,0,1:0:0:0:
192,0,63888,1,0,1:0:0:0:
64,0,64038,1,0,1:0:0:0:
192,0,64038,1,0,1:0:0:0:
320,0,64038,1,0,1:0:0:0:
448,0,64038,1,0,1:0:0:0:
320,0,64188,1,0,1:0:0:0:
448,0,64188,1,0,1:0:0:0:
64,0,64338,1,0,1:0:0:0:
192,0,64338,1,0,1:0:0:0:
320,0,64338,1,0,1:0:0:0:
448,0,64338,1,0,1:0:0:0:
64,0,64488,1,0,1:0:0:0:
192,0,64488,1,0,1:0:0:0:
64,0,64638,1,0,1:0:0:0:
192,0,64638,1,0,1:0:0:0:
320,0,64638,1,0,1:0:0:0:
448,0,64638,1,0,1:0:0:0:
320,0,64788,1,0,1:0:0:0:
64,0,64938,1,0,1:0:0:0:
192,0,64938,1,0,1:0:0:0:
64,0,65088,1,0,1:0:0:0:
320,0,65088,1,0,1:0:0:0:
448,0,65088,1,0,1:0:0:0:
192,0,65238,1,0,1:0:0:0:
320,0,65238,1,0,1:0:0:0:
448,0,65238,1,0,1:0:0:0:
64,0,65388,1,0,1:0:0:0:
64,0,65538,1,0,1:0:0:0:
192,0,65538,1,0,1:0:0:0:
320,0,65538,1,0,1:0:0:0:
448,0,65688,1,0,1:0:0:0:
64,0,65838,1,0,1:0:0:0:
192,0,65838,1,0,1:0:0:0:
448,0,65838,1,0,1:0:0:0:
192,0,65988,1,0,1:0:0:0:
320,0,66138,1,0,1:0:0:0:
448,0,66138,1,0,1:0:0:0:
192,0,66288,1,0,1:0:0:0:
320,0,66288,1,0,1:0:0:0:
448,0,66288,1,0,1:0:0:0:
64,0,66438,1,0,1:0:0:0:
448,0,66438,1,0,1:0:0:0:
192,0,66588,1,0,1:0:0:0:
64,0,66738,1,0,1:0:0:0:
320,0,66738,1,0,1:0:0:0:
448,0,66738,1,0,1:0:0:0:
192,0,66888,1,0,1:0:0:0:
448,0,66888,1,0,1:0:0:0:
64,0,67038,1,0,1:0:0:0:
192,0,67038,1,0,1:0:0:0:
320,0,67038,1,0,1:0:0:0:
64,0,67188,1,0,1:0:0:0:
320,0,67338,1,0,1:0:0:0:
448,0,67338,1,0,1:0:0:0:
64,0,67488,1,0,1:0:0:0:
192,0,67488,1,0,1:0:0:0:
448,0,67488,1,0,1:0:0:0:
64,0,67638,1,0,1:0:0:0:
320,0,67638,1,0,1:0:0:0:
448,0,67638,1,0,1:0:0:0:
320,0,67788,1,0,1:0:0:0:
64,0,67938,1,0,1:0:0:0:
192,0,67938,1,0,1:0:0:0:
448,0,67938,1,0,1:0:0:0:
448,0,68088,1,0,1:0:0:0:
64,0,68238,1,0,1:0:0:0:
192,0,68238,1,0,1:0:0:0:
320,0,68238,1,0,1:0:0:0:
320,0,68388,1,0,1:0:0:0:
448,0,68388,1,0,1:0:0:0:
64,0,68463,1,0,1:0:0:0:
192,0,68463,1,0,1:0:0:0:
320,0,68538,1,0,1:0:0:0:
448,0,68538,1,0,1:0:0:0:
64,0,68688,1,0,1:0:0:0:
320,0,68688,1,0,1:0:0:0:
448,0,68688,1,0,1:0:0:0:
64,0,68838,1,0,1:0:0:0:
192,0,68838,1,0,1:0:0:0:
320,0,68988,1,0,1:0:0:0:
448,0,68988,1,0,1:0:0:0:
64,0,69063,1,0,1:0:0:0:
192,0,69063,1,0,1:0:0:0:
320,0,69138,1,0,1:0:0:0:
448,0,69138,1,0,1:0:0:0:
64,0,69288,1,0,1:0:0:0:
192,0,69288,1,0,1:0:0:0:
64,0,69438,1,0,1:0:0:0:
320,0,69438,1,0,1:0:0:0:
448,0,69438,1,0,1:0:0:0:
192,0,69513,1,0,1:0:0:0:
320,0,69588,1,0,1:0:0:0:
448,0,69588,1,0,1:0:0:0:
64,0,69738,1,0,1:0:0:0:
192,0,69738,1,0,1:0:0:0:
448,0,69738,1,0,1:0:0:0:
320,0,69813,1,0,1:0:0:0:
64,0,69888,1,0,1:0:0:0:
192,0,69888,1,0,1:0:0:0:
64,0,70038,1,0,1:0:0:0:
320,0,70038,1,0,1:0:0:0:
448,0,70038,1,0,1:0:0:0:
192,0,70113,1,0,1:0:0:0:
320,0,70188,1,0,1:0:0:0:
448,0,70188,1,0,1:0:0:0:
64,0,70263,1,0,1:0:0:0:
192,0,70338,1,0,1:0:0:0:
320,0,70338,1,0,1:0:0:0:
448,0,70413,1,0,1:0:0:0:
64,0,70488,1,0,1:0:0:0:
192,0,70488,1,0,1:0:0:0:
320,0,70563,1,0,1:0:0:0:
64,0,70638,1,0,1:0:0:0:
448,0,70638,1,0,1:0:0:0:
