osu file format v14

[General]
AudioFilename: audio.mp3
AudioLeadIn: 0
PreviewTime: 36175
Countdown: 0
SampleSet: Normal
StackLeniency: 0.7
Mode: 3
LetterboxInBreaks: 0
SpecialStyle: 0
WidescreenStoryboard: 0

[Editor]
Bookmarks: 2645,13057,36528,58498,70410,80998,126881,134998,138175,160410
DistanceSpacing: 1.4
BeatDivisor: 4
GridSize: 4
TimelineZoom: 1.4

[Metadata]
Title:Good-bye sengen
TitleUnicode:グッバイ宣言
Artist:Chinozo
ArtistUnicode:Chinozo
Creator:Rainy-
Version:WoWoWoW
Source:
Tags:
BeatmapID:3031742
BeatmapSetID:1477714

[Difficulty]
HPDrainRate:8
CircleSize:4
OverallDifficulty:7
ApproachRate:5
SliderMultiplier:1.4
SliderTickRate:1

[Events]
//Background and Video events
0,0,"12387474.jpg",0,0
//Break Periods
//Storyboard Layer 0 (Background)
//Storyboard Layer 1 (Fail)
//Storyboard Layer 2 (Pass)
//Storyboard Layer 3 (Foreground)
//Storyboard Layer 4 (Overlay)
//Storyboard Sound Samples

[TimingPoints]
1234,352.941176470588,4,1,0,20,1,0
36528,-100,4,1,0,20,0,1
58498,-100,4,1,0,20,0,0
70410,-100,4,1,0,20,0,1
80910,-100,4,1,0,20,0,0
138175,-100,4,1,0,20,0,1
160410,-100,4,1,0,20,0,0


[HitObjects]
320,192,1234,5,0,0:0:0:0:
320,192,1586,1,0,0:0:0:0:
64,192,1939,1,0,0:0:0:0:
448,192,2116,1,0,0:0:0:0:
192,192,2116,1,0,0:0:0:0:
320,192,2204,1,0,0:0:0:0:
64,192,2292,1,0,0:0:0:0:
192,192,2381,1,0,0:0:0:0:
320,192,2469,1,0,0:0:0:0:
448,192,2557,1,0,0:0:0:0:
64,192,2645,1,0,0:0:0:0:
192,192,2645,1,0,0:0:0:0:
448,192,2733,1,0,0:0:0:0:
320,192,2822,1,0,0:0:0:0:
192,192,2910,1,0,0:0:0:0:
320,192,2998,1,0,0:0:0:0:
448,192,2998,1,0,0:0:0:0:
192,192,3086,1,0,0:0:0:0:
64,192,3175,1,0,0:0:0:0:
320,192,3175,1,0,0:0:0:0:
448,192,3263,1,0,0:0:0:0:
192,192,3351,1,0,0:0:0:0:
320,192,3351,1,0,0:0:0:0:
64,192,3439,1,0,0:0:0:0:
320,192,3528,1,0,0:0:0:0:
448,192,3528,1,0,0:0:0:0:
192,192,3616,1,0,0:0:0:0:
320,192,3704,1,0,0:0:0:0:
448,192,3704,1,0,0:0:0:0:
64,192,3792,1,0,0:0:0:0:
192,192,3881,1,0,0:0:0:0:
320,192,3969,1,0,0:0:0:0:
64,192,4057,1,0,0:0:0:0:
192,192,4057,1,0,0:0:0:0:
448,192,4145,1,0,0:0:0:0:
320,192,4233,1,0,0:0:0:0:
64,192,4233,1,0,0:0:0:0:
192,192,4322,1,0,0:0:0:0:
320,192,4410,1,0,0:0:0:0:
448,192,4410,1,0,0:0:0:0:
64,192,4498,1,0,0:0:0:0:
192,192,4498,1,0,0:0:0:0:
320,192,4586,1,0,0:0:0:0:
448,192,4586,1,0,0:0:0:0:
192,192,4675,1,0,0:0:0:0:
64,192,4763,1,0,0:0:0:0:
320,192,4763,1,0,0:0:0:0:
448,192,4851,1,0,0:0:0:0:
64,192,4939,1,0,0:0:0:0:
192,192,4939,1,0,0:0:0:0:
320,192,5028,1,0,0:0:0:0:
64,192,5116,1,0,0:0:0:0:
192,192,5116,1,0,0:0:0:0:
448,192,5116,1,0,0:0:0:0:
192,192,5292,1,0,0:0:0:0:
320,192,5292,1,0,0:0:0:0:
320,192,5469,1,0,0:0:0:0:
448,192,5469,1,0,0:0:0:0:
192,192,5557,1,0,0:0:0:0:
448,192,5645,1,0,0:0:0:0:
320,192,5733,1,0,0:0:0:0:
64,192,5822,1,0,0:0:0:0:
192,192,5822,1,0,0:0:0:0:
320,192,5910,1,0,0:0:0:0:
448,192,5998,1,0,0:0:0:0:
64,192,5998,1,0,0:0:0:0:
320,192,6086,1,0,0:0:0:0:
192,192,6175,1,0,0:0:0:0:
64,192,6175,1,0,0:0:0:0:
448,192,6263,1,0,0:0:0:0:
64,192,6351,1,0,0:0:0:0:
320,192,6351,1,0,0:0:0:0:
192,192,6439,1,0,0:0:0:0:
320,192,6528,1,0,0:0:0:0:
448,192,6528,1,0,0:0:0:0:
64,192,6616,1,0,0:0:0:0:
192,192,6704,1,0,0:0:0:0:
320,192,6704,1,0,0:0:0:0:
448,192,6792,1,0,0:0:0:0:
64,192,6881,1,0,0:0:0:0:
192,192,6881,1,0,0:0:0:0:
448,192,6969,1,0,0:0:0:0:
320,192,7057,1,0,0:0:0:0:
192,192,7057,1,0,0:0:0:0:
64,192,7145,1,0,0:0:0:0:
320,192,7233,1,0,0:0:0:0:
448,192,7233,1,0,0:0:0:0:
64,192,7322,1,0,0:0:0:0:
192,192,7410,1,0,0:0:0:0:
448,192,7410,1,0,0:0:0:0:
320,192,7498,1,0,0:0:0:0:
64,192,7586,1,0,0:0:0:0:
192,192,7586,1,0,0:0:0:0:
320,192,7675,1,0,0:0:0:0:
64,192,7763,1,0,0:0:0:0:
192,192,7763,1,0,0:0:0:0:
320,192,7851,1,0,0:0:0:0:
64,192,7939,1,0,0:0:0:0:
192,192,7939,1,0,0:0:0:0:
448,192,7939,1,0,0:0:0:0:
320,192,8028,1,0,0:0:0:0:
192,192,8116,1,0,0:0:0:0:
64,192,8204,1,0,0:0:0:0:
320,192,8292,1,0,0:0:0:0:
448,192,8292,1,0,0:0:0:0:
192,192,8381,1,0,0:0:0:0:
448,192,8469,1,0,0:0:0:0:
320,192,8557,1,0,0:0:0:0:
192,192,8645,1,0,0:0:0:0:
64,192,8645,1,0,0:0:0:0:
320,192,8733,1,0,0:0:0:0:
448,192,8822,1,0,0:0:0:0:
192,192,8822,1,0,0:0:0:0:
64,192,8910,1,0,0:0:0:0:
320,192,8998,1,0,0:0:0:0:
448,192,8998,1,0,0:0:0:0:
192,192,9086,1,0,0:0:0:0:
320,192,9175,1,0,0:0:0:0:
448,192,9175,1,0,0:0:0:0:
192,192,9263,1,0,0:0:0:0:
320,192,9351,1,0,0:0:0:0:
448,192,9351,1,0,0:0:0:0:
64,192,9351,1,0,0:0:0:0:
192,192,9439,1,0,0:0:0:0:
64,192,9528,1,0,0:0:0:0:
320,192,9528,1,0,0:0:0:0:
448,192,9616,1,0,0:0:0:0:
64,192,9704,1,0,0:0:0:0:
192,192,9704,1,0,0:0:0:0:
448,192,9792,1,0,0:0:0:0:
192,192,9881,1,0,0:0:0:0:
320,192,9881,1,0,0:0:0:0:
64,192,9969,1,0,0:0:0:0:
320,192,10057,1,0,0:0:0:0:
448,192,10057,1,0,0:0:0:0:
64,192,10145,1,0,0:0:0:0:
192,192,10233,1,0,0:0:0:0:
320,192,10322,1,0,0:0:0:0:
448,192,10410,1,0,0:0:0:0:
64,192,10410,1,0,0:0:0:0:
192,192,10410,1,0,0:0:0:0:
320,192,10498,1,0,0:0:0:0:
64,192,10586,1,0,0:0:0:0:
320,192,10675,1,0,0:0:0:0:
64,192,10763,1,0,0:0:0:0:
192,192,10763,1,0,0:0:0:0:
448,192,10763,1,0,0:0:0:0:
320,192,10851,1,0,0:0:0:0:
448,192,10939,1,0,0:0:0:0:
192,192,10939,1,0,0:0:0:0:
64,192,11028,1,0,0:0:0:0:
448,192,11116,1,0,0:0:0:0:
320,192,11116,1,0,0:0:0:0:
192,192,11204,1,0,0:0:0:0:
448,192,11292,1,0,0:0:0:0:
320,192,11381,1,0,0:0:0:0:
64,192,11469,1,0,0:0:0:0:
192,192,11469,1,0,0:0:0:0:
448,192,11557,1,0,0:0:0:0:
64,192,11645,1,0,0:0:0:0:
320,192,11645,1,0,0:0:0:0:
448,192,11733,1,0,0:0:0:0:
192,192,11822,1,0,0:0:0:0:
320,192,11822,1,0,0:0:0:0:
64,192,11910,1,0,0:0:0:0:
192,192,11998,1,0,0:0:0:0:
320,192,12086,1,0,0:0:0:0:
64,192,12175,1,0,0:0:0:0:
192,192,12175,1,0,0:0:0:0:
448,192,12175,1,0,0:0:0:0:
320,192,12263,1,0,0:0:0:0:
448,192,12351,1,0,0:0:0:0:
64,192,12351,1,0,0:0:0:0:
192,192,12439,1,0,0:0:0:0:
320,192,12528,1,0,0:0:0:0:
448,192,12528,1,0,0:0:0:0:
64,192,12704,1,0,0:0:0:0:
192,192,12704,1,0,0:0:0:0:
320,192,12881,1,0,0:0:0:0:
448,192,12881,1,0,0:0:0:0:
320,192,13057,1,0,0:0:0:0:
448,192,13057,1,0,0:0:0:0:
192,192,13233,128,0,13322:0:0:0:0:
192,192,13410,128,0,13586:0:0:0:0:
320,192,13586,128,0,13675:0:0:0:0:
448,192,13586,1,0,0:0:0:0:
320,192,13763,128,0,13939:0:0:0:0:
448,192,13763,1,0,0:0:0:0:
192,192,13939,128,0,14292:0:0:0:0:
64,192,13939,1,0,0:0:0:0:
448,192,13939,1,0,0:0:0:0:
320,192,14292,1,0,0:0:0:0:
448,192,14292,1,0,0:0:0:0:
320,192,14469,128,0,14822:0:0:0:0:
64,192,14645,1,0,0:0:0:0:
192,192,14645,1,0,0:0:0:0:
192,192,14822,1,0,0:0:0:0:
64,192,14998,128,0,15351:0:0:0:0:
448,192,14998,1,0,0:0:0:0:
320,192,15175,1,0,0:0:0:0:
192,192,15351,1,0,0:0:0:0:
320,192,15351,1,0,0:0:0:0:
448,192,15528,128,0,15881:0:0:0:0:
64,192,15528,1,0,0:0:0:0:
192,192,15704,1,0,0:0:0:0:
320,192,15704,1,0,0:0:0:0:
192,192,15881,1,0,0:0:0:0:
64,192,16057,1,0,0:0:0:0:
320,192,16057,1,0,0:0:0:0:
320,192,16233,1,0,0:0:0:0:
448,192,16233,1,0,0:0:0:0:
192,192,16410,1,0,0:0:0:0:
448,192,16410,1,0,0:0:0:0:
64,192,16586,1,0,0:0:0:0:
192,192,16586,1,0,0:0:0:0:
448,192,16763,1,0,0:0:0:0:
320,192,16763,128,0,17116:0:0:0:0:
192,192,16939,1,0,0:0:0:0:
64,192,17116,1,0,0:0:0:0:
192,192,17116,1,0,0:0:0:0:
192,192,17292,128,0,17645:0:0:0:0:
64,192,17292,1,0,0:0:0:0:
320,192,17469,1,0,0:0:0:0:
448,192,17469,1,0,0:0:0:0:
320,192,17645,1,0,0:0:0:0:
448,192,17822,128,0,18175:0:0:0:0:
64,192,17822,128,0,18175:0:0:0:0:
320,192,17998,1,0,0:0:0:0:
192,192,18175,1,0,0:0:0:0:
320,192,18175,1,0,0:0:0:0:
192,192,18351,1,0,0:0:0:0:
320,192,18351,1,0,0:0:0:0:
192,192,18528,1,0,0:0:0:0:
448,192,18528,1,0,0:0:0:0:
320,192,18704,1,0,0:0:0:0:
64,192,18704,1,0,0:0:0:0:
192,192,18881,1,0,0:0:0:0:
320,192,18881,1,0,0:0:0:0:
64,192,19057,1,0,0:0:0:0:
448,192,19057,1,0,0:0:0:0:
320,192,19233,1,0,0:0:0:0:
448,192,19233,1,0,0:0:0:0:
448,192,19410,1,0,0:0:0:0:
192,192,19410,1,0,0:0:0:0:
64,192,19586,128,0,19763:0:0:0:0:
320,192,19586,1,0,0:0:0:0:
192,192,19763,1,0,0:0:0:0:
448,192,19851,128,0,20116:0:0:0:0:
192,192,19939,1,0,0:0:0:0:
320,192,19939,1,0,0:0:0:0:
64,192,20116,1,0,0:0:0:0:
448,192,20292,128,0,20469:0:0:0:0:
192,192,20292,1,0,0:0:0:0:
320,192,20469,1,0,0:0:0:0:
64,192,20557,128,0,20822:0:0:0:0:
192,192,20645,1,0,0:0:0:0:
320,192,20645,1,0,0:0:0:0:
448,192,20822,1,0,0:0:0:0:
320,192,20998,128,0,21351:0:0:0:0:
192,192,20998,1,0,0:0:0:0:
64,192,21175,1,0,0:0:0:0:
192,192,21351,1,0,0:0:0:0:
448,192,21528,1,0,0:0:0:0:
192,192,21704,128,0,21881:0:0:0:0:
64,192,21704,1,0,0:0:0:0:
320,192,21881,1,0,0:0:0:0:
320,192,22057,128,0,22233:0:0:0:0:
448,192,22057,1,0,0:0:0:0:
192,192,22233,1,0,0:0:0:0:
64,192,22410,128,0,22763:0:0:0:0:
448,192,22410,1,0,0:0:0:0:
320,192,22586,1,0,0:0:0:0:
192,192,22763,128,0,23116:0:0:0:0:
320,192,22763,1,0,0:0:0:0:
448,192,22939,1,0,0:0:0:0:
320,192,23116,128,0,23469:0:0:0:0:
64,192,23116,1,0,0:0:0:0:
64,192,23292,1,0,0:0:0:0:
448,192,23469,128,0,23822:0:0:0:0:
192,192,23469,1,0,0:0:0:0:
320,192,23645,1,0,0:0:0:0:
64,192,23822,128,0,23998:0:0:0:0:
192,192,23822,1,0,0:0:0:0:
192,192,23998,128,0,24175:0:0:0:0:
448,192,24175,128,0,24351:0:0:0:0:
320,192,24175,1,0,0:0:0:0:
320,192,24351,128,0,24528:0:0:0:0:
192,192,24528,128,0,24704:0:0:0:0:
64,192,24528,1,0,0:0:0:0:
192,192,24881,1,0,0:0:0:0:
320,192,24881,1,0,0:0:0:0:
320,192,25057,1,0,0:0:0:0:
64,192,25233,128,0,25586:0:0:0:0:
448,192,25233,128,0,25586:0:0:0:0:
192,192,25410,1,0,0:0:0:0:
192,192,25586,1,0,0:0:0:0:
320,192,25586,1,0,0:0:0:0:
192,192,25763,128,0,26292:0:0:0:0:
320,192,25763,128,0,26292:0:0:0:0:
64,192,25939,1,0,0:0:0:0:
448,192,25939,1,0,0:0:0:0:
448,192,26116,1,0,0:0:0:0:
64,192,26292,128,0,26645:0:0:0:0:
448,192,26292,128,0,26645:0:0:0:0:
192,192,26645,1,0,0:0:0:0:
320,192,26645,1,0,0:0:0:0:
64,192,26822,1,0,0:0:0:0:
448,192,26822,1,0,0:0:0:0:
64,192,26998,1,0,0:0:0:0:
192,192,26998,1,0,0:0:0:0:
448,192,26998,1,0,0:0:0:0:
192,192,27175,1,0,0:0:0:0:
448,192,27175,1,0,0:0:0:0:
192,192,27351,1,0,0:0:0:0:
320,192,27351,1,0,0:0:0:0:
64,192,27528,1,0,0:0:0:0:
448,192,27528,1,0,0:0:0:0:
320,192,27704,1,0,0:0:0:0:
448,192,27704,1,0,0:0:0:0:
64,192,27704,1,0,0:0:0:0:
320,192,27881,1,0,0:0:0:0:
192,192,27881,1,0,0:0:0:0:
448,192,28057,128,0,28410:0:0:0:0:
64,192,28057,128,0,28410:0:0:0:0:
320,192,28233,1,0,0:0:0:0:
320,192,28410,1,0,0:0:0:0:
192,192,28410,1,0,0:0:0:0:
320,192,28586,128,0,29116:0:0:0:0:
192,192,28586,128,0,29116:0:0:0:0:
448,192,28763,1,0,0:0:0:0:
64,192,28763,1,0,0:0:0:0:
64,192,28939,1,0,0:0:0:0:
448,192,29116,128,0,29469:0:0:0:0:
64,192,29116,128,0,29469:0:0:0:0:
320,192,29469,1,0,0:0:0:0:
192,192,29469,1,0,0:0:0:0:
64,192,29645,1,0,0:0:0:0:
448,192,29645,1,0,0:0:0:0:
64,192,29822,1,0,0:0:0:0:
192,192,29822,1,0,0:0:0:0:
448,192,29822,1,0,0:0:0:0:
64,192,29998,1,0,0:0:0:0:
320,192,29998,1,0,0:0:0:0:
192,192,30175,1,0,0:0:0:0:
320,192,30175,1,0,0:0:0:0:
64,192,30351,1,0,0:0:0:0:
448,192,30351,1,0,0:0:0:0:
64,192,30528,1,0,0:0:0:0:
448,192,30528,1,0,0:0:0:0:
192,192,30704,1,0,0:0:0:0:
448,192,30704,1,0,0:0:0:0:
64,192,30881,1,0,0:0:0:0:
192,192,30881,1,0,0:0:0:0:
320,192,30881,128,0,31410:0:0:0:0:
64,192,31233,1,0,0:0:0:0:
192,192,31233,1,0,0:0:0:0:
448,192,31410,1,0,0:0:0:0:
320,192,31586,1,0,0:0:0:0:
448,192,31586,1,0,0:0:0:0:
192,192,31586,128,0,32116:0:0:0:0:
64,192,31763,1,0,0:0:0:0:
320,192,31939,1,0,0:0:0:0:
448,192,31939,1,0,0:0:0:0:
64,192,32116,128,0,32292:0:0:0:0:
448,192,32292,1,0,0:0:0:0:
192,192,32292,1,0,0:0:0:0:
64,192,32469,1,0,0:0:0:0:
320,192,32469,1,0,0:0:0:0:
320,192,32645,1,0,0:0:0:0:
448,192,32645,1,0,0:0:0:0:
192,192,32645,1,0,0:0:0:0:
192,192,32822,1,0,0:0:0:0:
448,192,32822,1,0,0:0:0:0:
192,192,32998,1,0,0:0:0:0:
448,192,32998,1,0,0:0:0:0:
64,192,33175,1,0,0:0:0:0:
320,192,33175,1,0,0:0:0:0:
64,192,33351,1,0,0:0:0:0:
192,192,33351,1,0,0:0:0:0:
320,192,33351,1,0,0:0:0:0:
448,192,33528,1,0,0:0:0:0:
64,192,33528,1,0,0:0:0:0:
320,192,33528,128,0,33881:0:0:0:0:
64,192,33881,128,0,34057:0:0:0:0:
448,192,33881,1,0,0:0:0:0:
192,192,34057,128,0,34233:0:0:0:0:
320,192,34057,1,0,0:0:0:0:
448,192,34233,128,0,34410:0:0:0:0:
320,192,34410,128,0,34586:0:0:0:0:
64,192,34410,1,0,0:0:0:0:
192,192,34586,128,0,34763:0:0:0:0:
448,192,34586,1,0,0:0:0:0:
320,192,34763,1,0,0:0:0:0:
64,192,34939,128,0,35292:0:0:0:0:
448,192,34939,1,0,0:0:0:0:
448,192,35292,128,0,35645:0:0:0:0:
192,192,35292,1,0,0:0:0:0:
64,192,35645,128,0,35822:0:0:0:0:
320,192,35645,1,0,0:0:0:0:
192,192,35822,128,0,35998:0:0:0:0:
320,192,35822,1,0,0:0:0:0:
320,192,35998,1,0,0:0:0:0:
448,192,35998,1,0,0:0:0:0:
320,192,36175,5,0,0:0:0:0:
448,192,36175,1,0,0:0:0:0:
320,192,36351,1,0,0:0:0:0:
64,192,36528,1,0,0:0:0:0:
192,192,36528,1,0,0:0:0:0:
448,192,36528,1,0,0:0:0:0:
320,192,36616,1,0,0:0:0:0:
192,192,36704,1,0,0:0:0:0:
448,192,36792,1,0,0:0:0:0:
64,192,36881,1,0,0:0:0:0:
192,192,36881,1,0,0:0:0:0:
320,192,36969,1,0,0:0:0:0:
192,192,37057,1,0,0:0:0:0:
448,192,37057,1,0,0:0:0:0:
64,192,37145,1,0,0:0:0:0:
320,192,37233,1,0,0:0:0:0:
448,192,37233,1,0,0:0:0:0:
192,192,37322,1,0,0:0:0:0:
320,192,37410,1,0,0:0:0:0:
448,192,37498,1,0,0:0:0:0:
64,192,37586,1,0,0:0:0:0:
192,192,37586,1,0,0:0:0:0:
320,192,37675,1,0,0:0:0:0:
64,192,37763,1,0,0:0:0:0:
192,192,37763,1,0,0:0:0:0:
320,192,37851,1,0,0:0:0:0:
448,192,37939,1,0,0:0:0:0:
192,192,38028,1,0,0:0:0:0:
320,192,38116,1,0,0:0:0:0:
64,192,38116,1,0,0:0:0:0:
192,192,38204,1,0,0:0:0:0:
320,192,38292,1,0,0:0:0:0:
448,192,38292,1,0,0:0:0:0:
192,192,38381,1,0,0:0:0:0:
448,192,38469,1,0,0:0:0:0:
64,192,38469,1,0,0:0:0:0:
320,192,38557,1,0,0:0:0:0:
64,192,38645,1,0,0:0:0:0:
192,192,38645,1,0,0:0:0:0:
320,192,38733,1,0,0:0:0:0:
448,192,38822,1,0,0:0:0:0:
64,192,38822,1,0,0:0:0:0:
192,192,38910,1,0,0:0:0:0:
320,192,38998,1,0,0:0:0:0:
448,192,38998,1,0,0:0:0:0:
64,192,38998,1,0,0:0:0:0:
192,192,39086,1,0,0:0:0:0:
320,192,39175,1,0,0:0:0:0:
448,192,39175,1,0,0:0:0:0:
64,192,39263,1,0,0:0:0:0:
192,192,39351,1,0,0:0:0:0:
320,192,39351,1,0,0:0:0:0:
448,192,39439,1,0,0:0:0:0:
192,192,39528,1,0,0:0:0:0:
320,192,39616,1,0,0:0:0:0:
192,192,39704,1,0,0:0:0:0:
448,192,39704,1,0,0:0:0:0:
64,192,39881,1,0,0:0:0:0:
320,192,39881,1,0,0:0:0:0:
192,192,39969,1,0,0:0:0:0:
320,192,40057,1,0,0:0:0:0:
448,192,40057,1,0,0:0:0:0:
192,192,40145,1,0,0:0:0:0:
64,192,40233,1,0,0:0:0:0:
320,192,40233,1,0,0:0:0:0:
448,192,40322,1,0,0:0:0:0:
320,192,40410,1,0,0:0:0:0:
192,192,40410,1,0,0:0:0:0:
64,192,40410,1,0,0:0:0:0:
192,192,40586,1,0,0:0:0:0:
448,192,40586,1,0,0:0:0:0:
320,192,40675,1,0,0:0:0:0:
192,192,40763,1,0,0:0:0:0:
64,192,40763,1,0,0:0:0:0:
320,192,40851,1,0,0:0:0:0:
448,192,40939,1,0,0:0:0:0:
64,192,40939,1,0,0:0:0:0:
192,192,41028,1,0,0:0:0:0:
320,192,41116,1,0,0:0:0:0:
448,192,41116,1,0,0:0:0:0:
192,192,41204,1,0,0:0:0:0:
64,192,41292,1,0,0:0:0:0:
320,192,41292,1,0,0:0:0:0:
448,192,41381,1,0,0:0:0:0:
320,192,41469,1,0,0:0:0:0:
192,192,41469,1,0,0:0:0:0:
64,192,41645,1,0,0:0:0:0:
448,192,41645,1,0,0:0:0:0:
64,192,41822,128,0,41910:0:0:0:0:
448,192,41822,128,0,41910:0:0:0:0:
320,192,41998,1,0,0:0:0:0:
192,192,42086,1,0,0:0:0:0:
320,192,42175,1,0,0:0:0:0:
64,192,42175,1,0,0:0:0:0:
448,192,42175,1,0,0:0:0:0:
192,192,42263,1,0,0:0:0:0:
320,192,42351,1,0,0:0:0:0:
64,192,42439,1,0,0:0:0:0:
320,192,42528,1,0,0:0:0:0:
448,192,42528,1,0,0:0:0:0:
192,192,42616,1,0,0:0:0:0:
64,192,42704,1,0,0:0:0:0:
320,192,42704,1,0,0:0:0:0:
448,192,42792,1,0,0:0:0:0:
64,192,42881,1,0,0:0:0:0:
192,192,42881,1,0,0:0:0:0:
448,192,42969,1,0,0:0:0:0:
320,192,43057,1,0,0:0:0:0:
192,192,43145,1,0,0:0:0:0:
320,192,43233,1,0,0:0:0:0:
448,192,43233,1,0,0:0:0:0:
64,192,43233,1,0,0:0:0:0:
192,192,43322,1,0,0:0:0:0:
448,192,43410,1,0,0:0:0:0:
320,192,43498,1,0,0:0:0:0:
192,192,43586,1,0,0:0:0:0:
64,192,43586,1,0,0:0:0:0:
320,192,43675,1,0,0:0:0:0:
192,192,43763,1,0,0:0:0:0:
448,192,43763,1,0,0:0:0:0:
320,192,43851,1,0,0:0:0:0:
192,192,43939,1,0,0:0:0:0:
64,192,43939,1,0,0:0:0:0:
320,192,44028,1,0,0:0:0:0:
448,192,44116,1,0,0:0:0:0:
192,192,44204,1,0,0:0:0:0:
320,192,44292,1,0,0:0:0:0:
448,192,44292,1,0,0:0:0:0:
192,192,44381,1,0,0:0:0:0:
64,192,44469,1,0,0:0:0:0:
320,192,44469,1,0,0:0:0:0:
192,192,44557,1,0,0:0:0:0:
320,192,44645,1,0,0:0:0:0:
448,192,44645,1,0,0:0:0:0:
64,192,44645,1,0,0:0:0:0:
192,192,44822,1,0,0:0:0:0:
320,192,44822,1,0,0:0:0:0:
64,192,44998,1,0,0:0:0:0:
192,192,44998,1,0,0:0:0:0:
448,192,44998,1,0,0:0:0:0:
320,192,45086,1,0,0:0:0:0:
448,192,45175,1,0,0:0:0:0:
64,192,45263,1,0,0:0:0:0:
192,192,45351,1,0,0:0:0:0:
320,192,45351,1,0,0:0:0:0:
448,192,45439,1,0,0:0:0:0:
64,192,45528,1,0,0:0:0:0:
320,192,45528,1,0,0:0:0:0:
192,192,45616,1,0,0:0:0:0:
320,192,45704,1,0,0:0:0:0:
448,192,45704,1,0,0:0:0:0:
192,192,45792,1,0,0:0:0:0:
64,192,45881,1,0,0:0:0:0:
320,192,45969,1,0,0:0:0:0:
192,192,46057,1,0,0:0:0:0:
64,192,46057,1,0,0:0:0:0:
320,192,46145,1,0,0:0:0:0:
192,192,46233,1,0,0:0:0:0:
448,192,46233,1,0,0:0:0:0:
64,192,46322,1,0,0:0:0:0:
192,192,46410,1,0,0:0:0:0:
320,192,46410,1,0,0:0:0:0:
448,192,46498,1,0,0:0:0:0:
64,192,46586,1,0,0:0:0:0:
320,192,46586,1,0,0:0:0:0:
192,192,46675,1,0,0:0:0:0:
320,192,46763,1,0,0:0:0:0:
448,192,46763,1,0,0:0:0:0:
192,192,46851,1,0,0:0:0:0:
64,192,46939,1,0,0:0:0:0:
448,192,46939,1,0,0:0:0:0:
320,192,47028,1,0,0:0:0:0:
192,192,47116,128,0,47204:0:0:0:0:
64,192,47116,128,0,47204:0:0:0:0:
320,192,47292,1,0,0:0:0:0:
448,192,47292,1,0,0:0:0:0:
64,192,47381,1,0,0:0:0:0:
192,192,47381,1,0,0:0:0:0:
320,192,47469,1,0,0:0:0:0:
448,192,47469,1,0,0:0:0:0:
64,192,47645,1,0,0:0:0:0:
192,192,47645,1,0,0:0:0:0:
320,192,47733,1,0,0:0:0:0:
64,192,47822,1,0,0:0:0:0:
192,192,47822,1,0,0:0:0:0:
448,192,47822,1,0,0:0:0:0:
320,192,47910,1,0,0:0:0:0:
192,192,47998,1,0,0:0:0:0:
64,192,48086,1,0,0:0:0:0:
448,192,48175,1,0,0:0:0:0:
192,192,48175,1,0,0:0:0:0:
320,192,48263,1,0,0:0:0:0:
64,192,48351,1,0,0:0:0:0:
192,192,48351,1,0,0:0:0:0:
320,192,48439,1,0,0:0:0:0:
64,192,48528,1,0,0:0:0:0:
192,192,48528,1,0,0:0:0:0:
320,192,48616,1,0,0:0:0:0:
448,192,48704,1,0,0:0:0:0:
64,192,48792,1,0,0:0:0:0:
320,192,48881,1,0,0:0:0:0:
448,192,48881,1,0,0:0:0:0:
192,192,48881,1,0,0:0:0:0:
64,192,48969,1,0,0:0:0:0:
192,192,49057,1,0,0:0:0:0:
448,192,49057,1,0,0:0:0:0:
320,192,49145,1,0,0:0:0:0:
192,192,49233,1,0,0:0:0:0:
64,192,49233,1,0,0:0:0:0:
320,192,49322,1,0,0:0:0:0:
192,192,49410,1,0,0:0:0:0:
448,192,49410,1,0,0:0:0:0:
320,192,49498,1,0,0:0:0:0:
192,192,49586,1,0,0:0:0:0:
64,192,49586,1,0,0:0:0:0:
448,192,49675,1,0,0:0:0:0:
64,192,49763,1,0,0:0:0:0:
320,192,49763,1,0,0:0:0:0:
192,192,49851,1,0,0:0:0:0:
320,192,49939,1,0,0:0:0:0:
448,192,49939,1,0,0:0:0:0:
192,192,50028,1,0,0:0:0:0:
64,192,50116,1,0,0:0:0:0:
320,192,50116,1,0,0:0:0:0:
448,192,50204,1,0,0:0:0:0:
320,192,50292,1,0,0:0:0:0:
192,192,50292,1,0,0:0:0:0:
64,192,50292,1,0,0:0:0:0:
448,192,50381,1,0,0:0:0:0:
64,192,50469,1,0,0:0:0:0:
192,192,50469,1,0,0:0:0:0:
320,192,50557,1,0,0:0:0:0:
64,192,50645,1,0,0:0:0:0:
192,192,50645,1,0,0:0:0:0:
320,192,50733,1,0,0:0:0:0:
448,192,50822,1,0,0:0:0:0:
64,192,50910,1,0,0:0:0:0:
192,192,50998,1,0,0:0:0:0:
320,192,50998,1,0,0:0:0:0:
448,192,50998,1,0,0:0:0:0:
64,192,51086,1,0,0:0:0:0:
320,192,51175,1,0,0:0:0:0:
448,192,51175,1,0,0:0:0:0:
192,192,51263,1,0,0:0:0:0:
320,192,51351,1,0,0:0:0:0:
448,192,51351,1,0,0:0:0:0:
192,192,51439,1,0,0:0:0:0:
64,192,51528,1,0,0:0:0:0:
320,192,51616,1,0,0:0:0:0:
448,192,51704,1,0,0:0:0:0:
192,192,51704,1,0,0:0:0:0:
64,192,51704,1,0,0:0:0:0:
320,192,51792,1,0,0:0:0:0:
64,192,51881,1,0,0:0:0:0:
192,192,51881,1,0,0:0:0:0:
448,192,51969,1,0,0:0:0:0:
320,192,52057,1,0,0:0:0:0:
192,192,52057,1,0,0:0:0:0:
64,192,52145,1,0,0:0:0:0:
320,192,52233,1,0,0:0:0:0:
192,192,52322,1,0,0:0:0:0:
320,192,52410,1,0,0:0:0:0:
448,192,52410,1,0,0:0:0:0:
64,192,52498,1,0,0:0:0:0:
192,192,52586,1,0,0:0:0:0:
64,192,52675,1,0,0:0:0:0:
320,192,52763,1,0,0:0:0:0:
192,192,52763,1,0,0:0:0:0:
64,192,52939,1,0,0:0:0:0:
448,192,52939,1,0,0:0:0:0:
64,192,53116,128,0,53204:0:0:0:0:
448,192,53116,128,0,53204:0:0:0:0:
192,192,53292,1,0,0:0:0:0:
320,192,53381,1,0,0:0:0:0:
192,192,53469,1,0,0:0:0:0:
448,192,53469,1,0,0:0:0:0:
64,192,53469,1,0,0:0:0:0:
320,192,53557,1,0,0:0:0:0:
192,192,53645,1,0,0:0:0:0:
448,192,53733,1,0,0:0:0:0:
192,192,53822,1,0,0:0:0:0:
64,192,53822,1,0,0:0:0:0:
320,192,53910,1,0,0:0:0:0:
448,192,53998,1,0,0:0:0:0:
192,192,53998,1,0,0:0:0:0:
64,192,54086,1,0,0:0:0:0:
448,192,54175,1,0,0:0:0:0:
320,192,54175,1,0,0:0:0:0:
64,192,54263,1,0,0:0:0:0:
192,192,54351,1,0,0:0:0:0:
320,192,54439,1,0,0:0:0:0:
192,192,54528,1,0,0:0:0:0:
64,192,54528,1,0,0:0:0:0:
448,192,54528,1,0,0:0:0:0:
320,192,54616,1,0,0:0:0:0:
64,192,54704,1,0,0:0:0:0:
448,192,54704,1,0,0:0:0:0:
192,192,54792,1,0,0:0:0:0:
320,192,54881,1,0,0:0:0:0:
448,192,54881,1,0,0:0:0:0:
192,192,54969,1,0,0:0:0:0:
320,192,55057,1,0,0:0:0:0:
64,192,55057,1,0,0:0:0:0:
192,192,55145,1,0,0:0:0:0:
320,192,55233,1,0,0:0:0:0:
448,192,55233,1,0,0:0:0:0:
192,192,55322,1,0,0:0:0:0:
64,192,55410,1,0,0:0:0:0:
448,192,55410,1,0,0:0:0:0:
320,192,55498,1,0,0:0:0:0:
192,192,55586,1,0,0:0:0:0:
64,192,55586,1,0,0:0:0:0:
320,192,55675,1,0,0:0:0:0:
448,192,55763,1,0,0:0:0:0:
192,192,55763,1,0,0:0:0:0:
320,192,55851,1,0,0:0:0:0:
192,192,55939,1,0,0:0:0:0:
64,192,55939,1,0,0:0:0:0:
448,192,55939,1,0,0:0:0:0:
320,192,56116,1,0,0:0:0:0:
192,192,56116,1,0,0:0:0:0:
448,192,56292,1,0,0:0:0:0:
320,192,56292,1,0,0:0:0:0:
64,192,56292,1,0,0:0:0:0:
192,192,56381,1,0,0:0:0:0:
64,192,56469,1,0,0:0:0:0:
320,192,56469,1,0,0:0:0:0:
448,192,56557,1,0,0:0:0:0:
320,192,56645,1,0,0:0:0:0:
192,192,56645,1,0,0:0:0:0:
64,192,56733,1,0,0:0:0:0:
448,192,56822,1,0,0:0:0:0:
192,192,56822,1,0,0:0:0:0:
320,192,56910,1,0,0:0:0:0:
192,192,56998,1,0,0:0:0:0:
64,192,56998,1,0,0:0:0:0:
320,192,57086,1,0,0:0:0:0:
448,192,57175,1,0,0:0:0:0:
192,192,57263,1,0,0:0:0:0:
320,192,57351,1,0,0:0:0:0:
448,192,57351,1,0,0:0:0:0:
192,192,57439,1,0,0:0:0:0:
320,192,57528,1,0,0:0:0:0:
64,192,57528,1,0,0:0:0:0:
448,192,57616,1,0,0:0:0:0:
320,192,57704,1,0,0:0:0:0:
192,192,57704,1,0,0:0:0:0:
64,192,57792,1,0,0:0:0:0:
448,192,57881,1,0,0:0:0:0:
192,192,57881,1,0,0:0:0:0:
320,192,57969,1,0,0:0:0:0:
192,192,58057,1,0,0:0:0:0:
64,192,58057,1,0,0:0:0:0:
320,192,58145,1,0,0:0:0:0:
448,192,58233,1,0,0:0:0:0:
64,192,58233,1,0,0:0:0:0:
192,192,58322,1,0,0:0:0:0:
320,192,58410,128,0,58498:0:0:0:0:
448,192,58410,128,0,58498:0:0:0:0:
64,192,58586,1,0,0:0:0:0:
448,192,58586,1,0,0:0:0:0:
192,192,58763,1,0,0:0:0:0:
320,192,58763,1,0,0:0:0:0:
448,192,58939,1,0,0:0:0:0:
64,192,58939,1,0,0:0:0:0:
192,192,59116,128,0,59469:0:0:0:0:
320,192,59116,128,0,59469:0:0:0:0:
64,192,59469,1,0,0:0:0:0:
448,192,59469,1,0,0:0:0:0:
64,192,59645,128,0,60175:0:0:0:0:
448,192,59645,128,0,60175:0:0:0:0:
192,192,59822,1,0,0:0:0:0:
320,192,59822,1,0,0:0:0:0:
192,192,59998,1,0,0:0:0:0:
320,192,59998,1,0,0:0:0:0:
192,192,60175,128,0,60528:0:0:0:0:
320,192,60175,128,0,60528:0:0:0:0:
64,192,60528,1,0,0:0:0:0:
448,192,60528,1,0,0:0:0:0:
64,192,60704,1,0,0:0:0:0:
320,192,60704,1,0,0:0:0:0:
64,192,60881,1,0,0:0:0:0:
192,192,60881,1,0,0:0:0:0:
320,192,60881,1,0,0:0:0:0:
448,192,60881,1,0,0:0:0:0:
192,192,61057,1,0,0:0:0:0:
448,192,61057,1,0,0:0:0:0:
64,192,61233,1,0,0:0:0:0:
192,192,61233,1,0,0:0:0:0:
320,192,61410,1,0,0:0:0:0:
448,192,61410,1,0,0:0:0:0:
64,192,61586,1,0,0:0:0:0:
192,192,61586,1,0,0:0:0:0:
448,192,61586,1,0,0:0:0:0:
320,192,61586,1,0,0:0:0:0:
192,192,61763,1,0,0:0:0:0:
320,192,61763,1,0,0:0:0:0:
64,192,61939,128,0,62469:0:0:0:0:
448,192,61939,128,0,62469:0:0:0:0:
192,192,62292,1,0,0:0:0:0:
320,192,62292,1,0,0:0:0:0:
320,192,62469,128,0,62998:0:0:0:0:
192,192,62469,128,0,62998:0:0:0:0:
64,192,62645,1,0,0:0:0:0:
448,192,62645,1,0,0:0:0:0:
64,192,62822,1,0,0:0:0:0:
448,192,62822,1,0,0:0:0:0:
448,192,62998,128,0,63175:0:0:0:0:
64,192,62998,128,0,63175:0:0:0:0:
192,192,63175,128,0,63351:0:0:0:0:
320,192,63175,128,0,63351:0:0:0:0:
64,192,63351,1,0,0:0:0:0:
448,192,63351,1,0,0:0:0:0:
192,192,63528,1,0,0:0:0:0:
320,192,63528,1,0,0:0:0:0:
64,192,63704,1,0,0:0:0:0:
192,192,63704,1,0,0:0:0:0:
320,192,63704,1,0,0:0:0:0:
448,192,63704,1,0,0:0:0:0:
64,192,63881,1,0,0:0:0:0:
448,192,63881,1,0,0:0:0:0:
192,192,64057,1,0,0:0:0:0:
320,192,64057,1,0,0:0:0:0:
320,192,64233,1,0,0:0:0:0:
448,192,64233,1,0,0:0:0:0:
64,192,64233,1,0,0:0:0:0:
64,192,64410,1,0,0:0:0:0:
192,192,64410,1,0,0:0:0:0:
320,192,64410,1,0,0:0:0:0:
448,192,64410,1,0,0:0:0:0:
64,192,64586,1,0,0:0:0:0:
448,192,64586,1,0,0:0:0:0:
192,192,64763,128,0,65116:0:0:0:0:
320,192,64763,128,0,65116:0:0:0:0:
64,192,65116,1,0,0:0:0:0:
448,192,65116,1,0,0:0:0:0:
64,192,65292,128,0,65822:0:0:0:0:
448,192,65292,128,0,65822:0:0:0:0:
192,192,65469,1,0,0:0:0:0:
320,192,65469,1,0,0:0:0:0:
192,192,65645,1,0,0:0:0:0:
320,192,65645,1,0,0:0:0:0:
192,192,65822,128,0,66175:0:0:0:0:
320,192,65822,128,0,66175:0:0:0:0:
64,192,66175,1,0,0:0:0:0:
448,192,66175,1,0,0:0:0:0:
64,192,66351,1,0,0:0:0:0:
320,192,66351,1,0,0:0:0:0:
64,192,66528,1,0,0:0:0:0:
192,192,66528,1,0,0:0:0:0:
320,192,66528,1,0,0:0:0:0:
448,192,66528,1,0,0:0:0:0:
192,192,66704,1,0,0:0:0:0:
448,192,66704,1,0,0:0:0:0:
64,192,66881,1,0,0:0:0:0:
448,192,66881,1,0,0:0:0:0:
192,192,66881,1,0,0:0:0:0:
192,192,67057,1,0,0:0:0:0:
320,192,67057,1,0,0:0:0:0:
320,192,67233,1,0,0:0:0:0:
448,192,67233,1,0,0:0:0:0:
64,192,67233,1,0,0:0:0:0:
64,192,67410,1,0,0:0:0:0:
448,192,67410,1,0,0:0:0:0:
192,192,67586,1,0,0:0:0:0:
320,192,67586,1,0,0:0:0:0:
64,192,67939,1,0,0:0:0:0:
448,192,67939,1,0,0:0:0:0:
64,192,68292,1,0,0:0:0:0:
192,192,68292,1,0,0:0:0:0:
320,192,68292,1,0,0:0:0:0:
448,192,68292,1,0,0:0:0:0:
64,192,68645,1,0,0:0:0:0:
192,192,68645,1,0,0:0:0:0:
448,192,68645,1,0,0:0:0:0:
192,192,68998,1,0,0:0:0:0:
320,192,68998,1,0,0:0:0:0:
64,192,69704,5,0,0:0:0:0:
320,192,69704,1,0,0:0:0:0:
448,192,69881,1,0,0:0:0:0:
320,192,69969,1,0,0:0:0:0:
192,192,70057,1,0,0:0:0:0:
64,192,70233,1,0,0:0:0:0:
448,192,70233,1,0,0:0:0:0:
320,192,70410,5,0,0:0:0:0:
448,192,70410,1,0,0:0:0:0:
64,192,70498,1,0,0:0:0:0:
192,192,70586,1,0,0:0:0:0:
320,192,70675,1,0,0:0:0:0:
64,192,70763,1,0,0:0:0:0:
192,192,70763,1,0,0:0:0:0:
448,192,70851,1,0,0:0:0:0:
320,192,70939,1,0,0:0:0:0:
64,192,70939,1,0,0:0:0:0:
192,192,71028,1,0,0:0:0:0:
320,192,71116,1,0,0:0:0:0:
448,192,71116,1,0,0:0:0:0:
64,192,71204,1,0,0:0:0:0:
320,192,71292,1,0,0:0:0:0:
448,192,71381,1,0,0:0:0:0:
64,192,71469,1,0,0:0:0:0:
192,192,71469,1,0,0:0:0:0:
448,192,71557,1,0,0:0:0:0:
320,192,71645,1,0,0:0:0:0:
192,192,71733,1,0,0:0:0:0:
448,192,71822,1,0,0:0:0:0:
320,192,71822,1,0,0:0:0:0:
64,192,71910,1,0,0:0:0:0:
192,192,71998,1,0,0:0:0:0:
448,192,71998,1,0,0:0:0:0:
320,192,72086,1,0,0:0:0:0:
192,192,72175,1,0,0:0:0:0:
64,192,72175,1,0,0:0:0:0:
448,192,72263,1,0,0:0:0:0:
64,192,72351,1,0,0:0:0:0:
192,192,72351,1,0,0:0:0:0:
320,192,72439,1,0,0:0:0:0:
192,192,72528,1,0,0:0:0:0:
64,192,72528,1,0,0:0:0:0:
448,192,72528,1,0,0:0:0:0:
320,192,72616,1,0,0:0:0:0:
64,192,72704,1,0,0:0:0:0:
448,192,72704,1,0,0:0:0:0:
320,192,72792,1,0,0:0:0:0:
64,192,72881,1,0,0:0:0:0:
192,192,72881,1,0,0:0:0:0:
320,192,72969,1,0,0:0:0:0:
448,192,73057,1,0,0:0:0:0:
64,192,73057,1,0,0:0:0:0:
192,192,73145,1,0,0:0:0:0:
320,192,73233,1,0,0:0:0:0:
448,192,73233,1,0,0:0:0:0:
64,192,73322,1,0,0:0:0:0:
192,192,73410,1,0,0:0:0:0:
320,192,73498,1,0,0:0:0:0:
64,192,73586,1,0,0:0:0:0:
192,192,73586,1,0,0:0:0:0:
448,192,73675,1,0,0:0:0:0:
320,192,73763,1,0,0:0:0:0:
64,192,73763,1,0,0:0:0:0:
192,192,73851,1,0,0:0:0:0:
320,192,73939,1,0,0:0:0:0:
448,192,73939,1,0,0:0:0:0:
64,192,74028,1,0,0:0:0:0:
192,192,74116,1,0,0:0:0:0:
448,192,74116,1,0,0:0:0:0:
64,192,74204,1,0,0:0:0:0:
192,192,74292,1,0,0:0:0:0:
320,192,74292,1,0,0:0:0:0:
448,192,74292,1,0,0:0:0:0:
64,192,74381,1,0,0:0:0:0:
192,192,74469,1,0,0:0:0:0:
320,192,74469,1,0,0:0:0:0:
448,192,74557,1,0,0:0:0:0:
64,192,74645,1,0,0:0:0:0:
192,192,74645,1,0,0:0:0:0:
320,192,74733,1,0,0:0:0:0:
192,192,74822,1,0,0:0:0:0:
448,192,74822,1,0,0:0:0:0:
320,192,74910,1,0,0:0:0:0:
64,192,74998,1,0,0:0:0:0:
192,192,74998,1,0,0:0:0:0:
320,192,75086,1,0,0:0:0:0:
192,192,75175,1,0,0:0:0:0:
448,192,75175,1,0,0:0:0:0:
64,192,75263,1,0,0:0:0:0:
448,192,75351,1,0,0:0:0:0:
320,192,75351,1,0,0:0:0:0:
192,192,75439,1,0,0:0:0:0:
64,192,75528,1,0,0:0:0:0:
320,192,75528,1,0,0:0:0:0:
192,192,75616,1,0,0:0:0:0:
448,192,75704,1,0,0:0:0:0:
64,192,75704,1,0,0:0:0:0:
320,192,75792,1,0,0:0:0:0:
192,192,75881,1,0,0:0:0:0:
64,192,75881,1,0,0:0:0:0:
320,192,75969,1,0,0:0:0:0:
64,192,76057,1,0,0:0:0:0:
192,192,76057,1,0,0:0:0:0:
448,192,76145,1,0,0:0:0:0:
320,192,76233,1,0,0:0:0:0:
192,192,76322,1,0,0:0:0:0:
320,192,76410,1,0,0:0:0:0:
448,192,76410,1,0,0:0:0:0:
64,192,76498,1,0,0:0:0:0:
192,192,76586,1,0,0:0:0:0:
448,192,76586,1,0,0:0:0:0:
320,192,76675,1,0,0:0:0:0:
64,192,76763,1,0,0:0:0:0:
192,192,76763,1,0,0:0:0:0:
448,192,76851,1,0,0:0:0:0:
320,192,76939,1,0,0:0:0:0:
192,192,76939,1,0,0:0:0:0:
64,192,77028,1,0,0:0:0:0:
320,192,77116,1,0,0:0:0:0:
448,192,77116,1,0,0:0:0:0:
192,192,77116,1,0,0:0:0:0:
64,192,77204,1,0,0:0:0:0:
192,192,77292,1,0,0:0:0:0:
320,192,77381,1,0,0:0:0:0:
192,192,77469,1,0,0:0:0:0:
64,192,77469,1,0,0:0:0:0:
448,192,77557,1,0,0:0:0:0:
320,192,77645,1,0,0:0:0:0:
64,192,77645,1,0,0:0:0:0:
192,192,77733,1,0,0:0:0:0:
320,192,77822,1,0,0:0:0:0:
448,192,77822,1,0,0:0:0:0:
192,192,77910,1,0,0:0:0:0:
64,192,77998,1,0,0:0:0:0:
320,192,77998,1,0,0:0:0:0:
448,192,78086,1,0,0:0:0:0:
64,192,78175,1,0,0:0:0:0:
192,192,78175,1,0,0:0:0:0:
320,192,78263,1,0,0:0:0:0:
192,192,78351,1,0,0:0:0:0:
448,192,78351,1,0,0:0:0:0:
320,192,78439,1,0,0:0:0:0:
192,192,78528,1,0,0:0:0:0:
64,192,78528,1,0,0:0:0:0:
320,192,78616,1,0,0:0:0:0:
448,192,78704,1,0,0:0:0:0:
64,192,78704,1,0,0:0:0:0:
192,192,78792,1,0,0:0:0:0:
448,192,78881,1,0,0:0:0:0:
320,192,78881,1,0,0:0:0:0:
192,192,78969,1,0,0:0:0:0:
64,192,79057,1,0,0:0:0:0:
320,192,79057,1,0,0:0:0:0:
192,192,79145,1,0,0:0:0:0:
64,192,79233,1,0,0:0:0:0:
448,192,79233,1,0,0:0:0:0:
320,192,79322,1,0,0:0:0:0:
192,192,79410,1,0,0:0:0:0:
448,192,79410,1,0,0:0:0:0:
320,192,79498,1,0,0:0:0:0:
64,192,79586,1,0,0:0:0:0:
192,192,79586,1,0,0:0:0:0:
320,192,79675,1,0,0:0:0:0:
448,192,79763,1,0,0:0:0:0:
192,192,79763,1,0,0:0:0:0:
320,192,79939,1,0,0:0:0:0:
448,192,79939,1,0,0:0:0:0:
192,192,80028,1,0,0:0:0:0:
64,192,80116,1,0,0:0:0:0:
320,192,80116,1,0,0:0:0:0:
64,192,80292,1,0,0:0:0:0:
192,192,80292,1,0,0:0:0:0:
320,192,80469,1,0,0:0:0:0:
448,192,80469,1,0,0:0:0:0:
64,192,80645,1,0,0:0:0:0:
192,192,80645,1,0,0:0:0:0:
320,192,80822,1,0,0:0:0:0:
448,192,80822,1,0,0:0:0:0:
64,192,80910,1,0,0:0:0:0:
192,192,80910,1,0,0:0:0:0:
448,192,80998,1,0,0:0:0:0:
320,192,80998,128,0,81086:0:0:0:0:
320,192,81175,128,0,81263:0:0:0:0:
448,192,81175,1,0,0:0:0:0:
192,192,81351,128,0,81439:0:0:0:0:
64,192,81351,1,0,0:0:0:0:
192,192,81528,128,0,81704:0:0:0:0:
64,192,81528,1,0,0:0:0:0:
320,192,81704,128,0,82057:0:0:0:0:
448,192,81704,1,0,0:0:0:0:
64,192,81704,1,0,0:0:0:0:
192,192,82057,1,0,0:0:0:0:
64,192,82057,1,0,0:0:0:0:
192,192,82233,128,0,82586:0:0:0:0:
448,192,82410,1,0,0:0:0:0:
320,192,82410,1,0,0:0:0:0:
320,192,82586,1,0,0:0:0:0:
448,192,82763,128,0,83116:0:0:0:0:
64,192,82763,1,0,0:0:0:0:
192,192,82939,1,0,0:0:0:0:
320,192,83116,1,0,0:0:0:0:
192,192,83116,1,0,0:0:0:0:
64,192,83292,128,0,83645:0:0:0:0:
448,192,83292,1,0,0:0:0:0:
320,192,83469,1,0,0:0:0:0:
192,192,83469,1,0,0:0:0:0:
320,192,83645,1,0,0:0:0:0:
448,192,83822,1,0,0:0:0:0:
192,192,83822,1,0,0:0:0:0:
192,192,83998,1,0,0:0:0:0:
64,192,83998,1,0,0:0:0:0:
320,192,84175,1,0,0:0:0:0:
64,192,84175,1,0,0:0:0:0:
448,192,84351,1,0,0:0:0:0:
320,192,84351,1,0,0:0:0:0:
192,192,84528,128,0,84881:0:0:0:0:
64,192,84528,1,0,0:0:0:0:
320,192,84704,1,0,0:0:0:0:
320,192,85057,128,0,85410:0:0:0:0:
448,192,85057,1,0,0:0:0:0:
192,192,85233,1,0,0:0:0:0:
64,192,85233,1,0,0:0:0:0:
192,192,85410,1,0,0:0:0:0:
64,192,85586,128,0,85939:0:0:0:0:
448,192,85586,128,0,85939:0:0:0:0:
192,192,85763,1,0,0:0:0:0:
320,192,85939,1,0,0:0:0:0:
192,192,85939,1,0,0:0:0:0:
320,192,86116,1,0,0:0:0:0:
192,192,86116,1,0,0:0:0:0:
320,192,86292,1,0,0:0:0:0:
64,192,86292,1,0,0:0:0:0:
192,192,86469,1,0,0:0:0:0:
448,192,86469,1,0,0:0:0:0:
320,192,86645,1,0,0:0:0:0:
192,192,86645,1,0,0:0:0:0:
448,192,86822,1,0,0:0:0:0:
64,192,86822,1,0,0:0:0:0:
192,192,86998,1,0,0:0:0:0:
64,192,86998,1,0,0:0:0:0:
64,192,87175,1,0,0:0:0:0:
320,192,87175,1,0,0:0:0:0:
448,192,87351,128,0,87528:0:0:0:0:
192,192,87351,1,0,0:0:0:0:
320,192,87528,1,0,0:0:0:0:
64,192,87616,128,0,87881:0:0:0:0:
320,192,87704,1,0,0:0:0:0:
192,192,87704,1,0,0:0:0:0:
448,192,87881,1,0,0:0:0:0:
64,192,88057,128,0,88233:0:0:0:0:
320,192,88057,1,0,0:0:0:0:
192,192,88233,1,0,0:0:0:0:
448,192,88322,128,0,88586:0:0:0:0:
320,192,88410,1,0,0:0:0:0:
192,192,88410,1,0,0:0:0:0:
64,192,88586,1,0,0:0:0:0:
192,192,88763,128,0,89116:0:0:0:0:
320,192,88763,1,0,0:0:0:0:
448,192,88939,1,0,0:0:0:0:
320,192,89116,1,0,0:0:0:0:
64,192,89292,1,0,0:0:0:0:
320,192,89469,128,0,89645:0:0:0:0:
448,192,89469,1,0,0:0:0:0:
192,192,89645,1,0,0:0:0:0:
192,192,89822,128,0,89998:0:0:0:0:
64,192,89822,1,0,0:0:0:0:
320,192,89998,1,0,0:0:0:0:
448,192,90175,128,0,90528:0:0:0:0:
64,192,90175,1,0,0:0:0:0:
192,192,90351,1,0,0:0:0:0:
320,192,90528,128,0,90881:0:0:0:0:
192,192,90528,1,0,0:0:0:0:
64,192,90704,1,0,0:0:0:0:
192,192,90881,128,0,91233:0:0:0:0:
448,192,90881,1,0,0:0:0:0:
448,192,91057,1,0,0:0:0:0:
64,192,91233,128,0,91586:0:0:0:0:
320,192,91233,1,0,0:0:0:0:
192,192,91410,1,0,0:0:0:0:
448,192,91586,128,0,91763:0:0:0:0:
320,192,91586,1,0,0:0:0:0:
320,192,91763,128,0,91939:0:0:0:0:
64,192,91939,128,0,92116:0:0:0:0:
192,192,91939,1,0,0:0:0:0:
192,192,92116,128,0,92292:0:0:0:0:
320,192,92292,128,0,92469:0:0:0:0:
448,192,92292,1,0,0:0:0:0:
320,192,92645,1,0,0:0:0:0:
192,192,92645,1,0,0:0:0:0:
192,192,92822,1,0,0:0:0:0:
448,192,92998,128,0,93351:0:0:0:0:
64,192,92998,128,0,93351:0:0:0:0:
320,192,93175,1,0,0:0:0:0:
320,192,93351,1,0,0:0:0:0:
192,192,93351,1,0,0:0:0:0:
320,192,93528,128,0,94057:0:0:0:0:
192,192,93528,128,0,94057:0:0:0:0:
448,192,93704,1,0,0:0:0:0:
64,192,93704,1,0,0:0:0:0:
64,192,93881,1,0,0:0:0:0:
448,192,94057,128,0,94410:0:0:0:0:
64,192,94057,128,0,94410:0:0:0:0:
320,192,94410,1,0,0:0:0:0:
192,192,94410,1,0,0:0:0:0:
448,192,94586,1,0,0:0:0:0:
64,192,94586,1,0,0:0:0:0:
448,192,94763,1,0,0:0:0:0:
320,192,94763,1,0,0:0:0:0:
64,192,94763,1,0,0:0:0:0:
320,192,94939,1,0,0:0:0:0:
64,192,94939,1,0,0:0:0:0:
320,192,95116,1,0,0:0:0:0:
192,192,95116,1,0,0:0:0:0:
448,192,95292,1,0,0:0:0:0:
64,192,95292,1,0,0:0:0:0:
192,192,95469,1,0,0:0:0:0:
64,192,95469,1,0,0:0:0:0:
448,192,95469,1,0,0:0:0:0:
192,192,95645,1,0,0:0:0:0:
320,192,95645,1,0,0:0:0:0:
64,192,95822,128,0,96175:0:0:0:0:
448,192,95822,128,0,96175:0:0:0:0:
192,192,95998,1,0,0:0:0:0:
192,192,96175,1,0,0:0:0:0:
320,192,96175,1,0,0:0:0:0:
192,192,96351,128,0,96881:0:0:0:0:
320,192,96351,128,0,96881:0:0:0:0:
64,192,96528,1,0,0:0:0:0:
448,192,96528,1,0,0:0:0:0:
448,192,96704,1,0,0:0:0:0:
64,192,96881,128,0,97233:0:0:0:0:
448,192,96881,128,0,97233:0:0:0:0:
192,192,97233,1,0,0:0:0:0:
320,192,97233,1,0,0:0:0:0:
448,192,97410,1,0,0:0:0:0:
64,192,97410,1,0,0:0:0:0:
448,192,97586,1,0,0:0:0:0:
320,192,97586,1,0,0:0:0:0:
64,192,97586,1,0,0:0:0:0:
448,192,97763,1,0,0:0:0:0:
192,192,97763,1,0,0:0:0:0:
320,192,97939,1,0,0:0:0:0:
192,192,97939,1,0,0:0:0:0:
448,192,98116,1,0,0:0:0:0:
64,192,98116,1,0,0:0:0:0:
192,192,98116,1,0,0:0:0:0:
448,192,98292,1,0,0:0:0:0:
64,192,98292,1,0,0:0:0:0:
320,192,98292,1,0,0:0:0:0:
64,192,98469,1,0,0:0:0:0:
320,192,98469,1,0,0:0:0:0:
192,192,98645,1,0,0:0:0:0:
320,192,98645,1,0,0:0:0:0:
192,192,98822,128,0,98998:0:0:0:0:
320,192,98998,128,0,99175:0:0:0:0:
64,192,98998,1,0,0:0:0:0:
448,192,99175,128,0,99351:0:0:0:0:
64,192,99351,128,0,99704:0:0:0:0:
192,192,99351,1,0,0:0:0:0:
320,192,99528,1,0,0:0:0:0:
192,192,99704,128,0,99881:0:0:0:0:
448,192,99704,1,0,0:0:0:0:
320,192,99881,128,0,100057:0:0:0:0:
448,192,100057,128,0,100322:0:0:0:0:
192,192,100057,1,0,0:0:0:0:
320,192,100233,1,0,0:0:0:0:
64,192,100322,128,0,100586:0:0:0:0:
192,192,100410,1,0,0:0:0:0:
320,192,100410,1,0,0:0:0:0:
192,192,100586,128,0,100763:0:0:0:0:
320,192,100763,128,0,100939:0:0:0:0:
448,192,100763,1,0,0:0:0:0:
192,192,100939,1,0,0:0:0:0:
448,192,101116,128,0,101469:0:0:0:0:
64,192,101116,128,0,101469:0:0:0:0:
192,192,101292,1,0,0:0:0:0:
320,192,101292,1,0,0:0:0:0:
192,192,101469,128,0,101822:0:0:0:0:
320,192,101469,1,0,0:0:0:0:
64,192,101822,128,0,102175:0:0:0:0:
448,192,101822,128,0,102175:0:0:0:0:
320,192,102175,128,0,102528:0:0:0:0:
192,192,102175,1,0,0:0:0:0:
192,192,102351,1,0,0:0:0:0:
64,192,102528,1,0,0:0:0:0:
192,192,102528,1,0,0:0:0:0:
320,192,102704,1,0,0:0:0:0:
448,192,102704,1,0,0:0:0:0:
64,192,102792,1,0,0:0:0:0:
192,192,102792,1,0,0:0:0:0:
448,192,102881,1,0,0:0:0:0:
64,192,102969,1,0,0:0:0:0:
192,192,102969,1,0,0:0:0:0:
448,192,103057,1,0,0:0:0:0:
64,192,103145,1,0,0:0:0:0:
192,192,103145,1,0,0:0:0:0:
448,192,103233,1,0,0:0:0:0:
320,192,103233,1,0,0:0:0:0:
64,192,103322,1,0,0:0:0:0:
320,192,103410,1,0,0:0:0:0:
448,192,103410,1,0,0:0:0:0:
64,192,103498,1,0,0:0:0:0:
320,192,103586,1,0,0:0:0:0:
448,192,103586,1,0,0:0:0:0:
192,192,103586,1,0,0:0:0:0:
64,192,103763,1,0,0:0:0:0:
192,192,103763,1,0,0:0:0:0:
448,192,103763,1,0,0:0:0:0:
64,192,103939,1,0,0:0:0:0:
192,192,103939,1,0,0:0:0:0:
448,192,103939,1,0,0:0:0:0:
64,192,104116,1,0,0:0:0:0:
192,192,104116,1,0,0:0:0:0:
448,192,104116,1,0,0:0:0:0:
192,192,104292,1,0,0:0:0:0:
320,192,104292,1,0,0:0:0:0:
448,192,104381,1,0,0:0:0:0:
64,192,104469,1,0,0:0:0:0:
192,192,104557,1,0,0:0:0:0:
448,192,104645,1,0,0:0:0:0:
320,192,104645,128,0,106410:0:0:0:0:
64,192,104822,1,0,0:0:0:0:
64,192,104998,1,0,0:0:0:0:
192,192,104998,1,0,0:0:0:0:
192,192,105175,1,0,0:0:0:0:
64,192,105351,1,0,0:0:0:0:
448,192,105351,1,0,0:0:0:0:
192,192,105528,1,0,0:0:0:0:
64,192,105616,1,0,0:0:0:0:
192,192,105704,1,0,0:0:0:0:
448,192,105704,1,0,0:0:0:0:
64,192,105881,1,0,0:0:0:0:
448,192,105881,1,0,0:0:0:0:
64,192,106057,1,0,0:0:0:0:
192,192,106057,1,0,0:0:0:0:
192,192,106233,1,0,0:0:0:0:
64,192,106410,1,0,0:0:0:0:
448,192,106410,1,0,0:0:0:0:
192,192,106498,1,0,0:0:0:0:
320,192,106586,1,0,0:0:0:0:
448,192,106763,1,0,0:0:0:0:
64,192,106763,1,0,0:0:0:0:
320,192,106851,1,0,0:0:0:0:
192,192,106939,1,0,0:0:0:0:
448,192,106939,1,0,0:0:0:0:
64,192,107116,128,0,108528:0:0:0:0:
320,192,107116,1,0,0:0:0:0:
448,192,107116,1,0,0:0:0:0:
192,192,107292,1,0,0:0:0:0:
192,192,107469,1,0,0:0:0:0:
320,192,107469,1,0,0:0:0:0:
192,192,107645,1,0,0:0:0:0:
448,192,107645,1,0,0:0:0:0:
320,192,107822,1,0,0:0:0:0:
448,192,107822,1,0,0:0:0:0:
320,192,107998,1,0,0:0:0:0:
192,192,108175,1,0,0:0:0:0:
448,192,108175,1,0,0:0:0:0:
320,192,108351,1,0,0:0:0:0:
192,192,108528,1,0,0:0:0:0:
320,192,108616,1,0,0:0:0:0:
192,192,108704,1,0,0:0:0:0:
320,192,108792,1,0,0:0:0:0:
64,192,108881,1,0,0:0:0:0:
192,192,108881,1,0,0:0:0:0:
448,192,108969,1,0,0:0:0:0:
192,192,109057,1,0,0:0:0:0:
320,192,109145,1,0,0:0:0:0:
64,192,109233,1,0,0:0:0:0:
192,192,109233,1,0,0:0:0:0:
448,192,109322,1,0,0:0:0:0:
192,192,109410,1,0,0:0:0:0:
320,192,109498,1,0,0:0:0:0:
64,192,109586,1,0,0:0:0:0:
192,192,109586,1,0,0:0:0:0:
448,192,109675,1,0,0:0:0:0:
320,192,109763,1,0,0:0:0:0:
192,192,109851,1,0,0:0:0:0:
320,192,109939,1,0,0:0:0:0:
448,192,109939,128,0,111351:0:0:0:0:
64,192,109939,1,0,0:0:0:0:
192,192,110116,1,0,0:0:0:0:
64,192,110292,1,0,0:0:0:0:
192,192,110292,1,0,0:0:0:0:
64,192,110469,1,0,0:0:0:0:
320,192,110469,1,0,0:0:0:0:
192,192,110645,1,0,0:0:0:0:
320,192,110645,1,0,0:0:0:0:
64,192,110822,1,0,0:0:0:0:
64,192,110998,1,0,0:0:0:0:
192,192,110998,1,0,0:0:0:0:
192,192,111175,1,0,0:0:0:0:
64,192,111351,1,0,0:0:0:0:
320,192,111351,1,0,0:0:0:0:
192,192,111528,1,0,0:0:0:0:
448,192,111645,1,0,0:0:0:0:
320,192,111704,1,0,0:0:0:0:
192,192,111704,1,0,0:0:0:0:
64,192,111881,1,0,0:0:0:0:
448,192,111881,1,0,0:0:0:0:
64,192,112057,1,0,0:0:0:0:
192,192,112057,1,0,0:0:0:0:
448,192,112057,1,0,0:0:0:0:
320,192,112233,1,0,0:0:0:0:
192,192,112410,1,0,0:0:0:0:
320,192,112410,1,0,0:0:0:0:
64,192,112410,1,0,0:0:0:0:
192,192,112586,1,0,0:0:0:0:
448,192,112586,1,0,0:0:0:0:
192,192,112763,1,0,0:0:0:0:
320,192,112763,1,0,0:0:0:0:
64,192,112763,128,0,115586:0:0:0:0:
320,192,112939,1,0,0:0:0:0:
320,192,113116,1,0,0:0:0:0:
448,192,113116,1,0,0:0:0:0:
192,192,113292,1,0,0:0:0:0:
448,192,113292,1,0,0:0:0:0:
192,192,113469,1,0,0:0:0:0:
320,192,113469,1,0,0:0:0:0:
320,192,113645,1,0,0:0:0:0:
192,192,113822,1,0,0:0:0:0:
448,192,113822,1,0,0:0:0:0:
448,192,113998,1,0,0:0:0:0:
192,192,114175,1,0,0:0:0:0:
320,192,114175,1,0,0:0:0:0:
192,192,114351,1,0,0:0:0:0:
448,192,114351,1,0,0:0:0:0:
320,192,114528,1,0,0:0:0:0:
448,192,114528,1,0,0:0:0:0:
192,192,114704,1,0,0:0:0:0:
448,192,114704,1,0,0:0:0:0:
192,192,114881,1,0,0:0:0:0:
320,192,114881,1,0,0:0:0:0:
448,192,114881,1,0,0:0:0:0:
320,192,115057,1,0,0:0:0:0:
448,192,115057,1,0,0:0:0:0:
192,192,115145,1,0,0:0:0:0:
320,192,115233,1,0,0:0:0:0:
448,192,115233,1,0,0:0:0:0:
192,192,115410,1,0,0:0:0:0:
320,192,115410,1,0,0:0:0:0:
448,192,115586,1,0,0:0:0:0:
192,192,115586,128,0,115939:0:0:0:0:
448,192,115939,5,0,0:0:0:0:
64,192,116028,1,0,0:0:0:0:
448,192,116116,1,0,0:0:0:0:
64,192,116204,1,0,0:0:0:0:
320,192,116292,1,0,0:0:0:0:
448,192,116292,1,0,0:0:0:0:
192,192,116381,1,0,0:0:0:0:
320,192,116469,1,0,0:0:0:0:
192,192,116557,1,0,0:0:0:0:
448,192,116645,1,0,0:0:0:0:
320,192,116645,1,0,0:0:0:0:
64,192,116733,1,0,0:0:0:0:
320,192,116822,1,0,0:0:0:0:
192,192,116910,1,0,0:0:0:0:
448,192,116998,1,0,0:0:0:0:
64,192,116998,1,0,0:0:0:0:
320,192,117086,1,0,0:0:0:0:
64,192,117175,1,0,0:0:0:0:
192,192,117263,1,0,0:0:0:0:
320,192,117351,1,0,0:0:0:0:
448,192,117351,1,0,0:0:0:0:
64,192,117439,1,0,0:0:0:0:
448,192,117528,1,0,0:0:0:0:
192,192,117616,1,0,0:0:0:0:
448,192,117704,1,0,0:0:0:0:
320,192,117704,1,0,0:0:0:0:
64,192,117792,1,0,0:0:0:0:
320,192,117881,1,0,0:0:0:0:
192,192,117969,1,0,0:0:0:0:
64,192,118057,1,0,0:0:0:0:
448,192,118057,1,0,0:0:0:0:
320,192,118145,1,0,0:0:0:0:
192,192,118233,1,0,0:0:0:0:
320,192,118322,1,0,0:0:0:0:
448,192,118410,1,0,0:0:0:0:
192,192,118410,1,0,0:0:0:0:
64,192,118498,1,0,0:0:0:0:
320,192,118586,1,0,0:0:0:0:
192,192,118675,1,0,0:0:0:0:
448,192,118763,1,0,0:0:0:0:
320,192,118763,1,0,0:0:0:0:
64,192,118851,1,0,0:0:0:0:
448,192,118939,1,0,0:0:0:0:
192,192,118939,1,0,0:0:0:0:
320,192,119028,1,0,0:0:0:0:
64,192,119116,1,0,0:0:0:0:
448,192,119116,1,0,0:0:0:0:
320,192,119204,1,0,0:0:0:0:
192,192,119292,1,0,0:0:0:0:
320,192,119381,1,0,0:0:0:0:
192,192,119469,1,0,0:0:0:0:
64,192,119469,1,0,0:0:0:0:
448,192,119645,128,0,121233:0:0:0:0:
192,192,119645,1,0,0:0:0:0:
320,192,119733,1,0,0:0:0:0:
64,192,119822,1,0,0:0:0:0:
192,192,119822,1,0,0:0:0:0:
64,192,119998,1,0,0:0:0:0:
320,192,119998,1,0,0:0:0:0:
192,192,120175,1,0,0:0:0:0:
320,192,120175,1,0,0:0:0:0:
64,192,120351,1,0,0:0:0:0:
64,192,120528,1,0,0:0:0:0:
192,192,120528,1,0,0:0:0:0:
320,192,120704,1,0,0:0:0:0:
192,192,120881,1,0,0:0:0:0:
320,192,120881,1,0,0:0:0:0:
64,192,120969,1,0,0:0:0:0:
192,192,121057,1,0,0:0:0:0:
64,192,121233,1,0,0:0:0:0:
192,192,121233,1,0,0:0:0:0:
320,192,121233,1,0,0:0:0:0:
64,192,121410,1,0,0:0:0:0:
448,192,121410,1,0,0:0:0:0:
320,192,121586,1,0,0:0:0:0:
448,192,121586,1,0,0:0:0:0:
192,192,121675,1,0,0:0:0:0:
64,192,121763,1,0,0:0:0:0:
320,192,121763,1,0,0:0:0:0:
64,192,121939,1,0,0:0:0:0:
192,192,121939,1,0,0:0:0:0:
448,192,122116,1,0,0:0:0:0:
320,192,122204,1,0,0:0:0:0:
192,192,122292,1,0,0:0:0:0:
64,192,122292,1,0,0:0:0:0:
448,192,122292,128,0,124057:0:0:0:0:
192,192,122469,1,0,0:0:0:0:
320,192,122557,1,0,0:0:0:0:
64,192,122645,1,0,0:0:0:0:
192,192,122645,1,0,0:0:0:0:
64,192,122822,1,0,0:0:0:0:
320,192,122822,1,0,0:0:0:0:
192,192,122998,1,0,0:0:0:0:
320,192,122998,1,0,0:0:0:0:
64,192,123175,1,0,0:0:0:0:
320,192,123175,1,0,0:0:0:0:
64,192,123351,1,0,0:0:0:0:
192,192,123351,1,0,0:0:0:0:
64,192,123528,1,0,0:0:0:0:
320,192,123616,5,0,0:0:0:0:
64,192,123704,1,0,0:0:0:0:
192,192,123704,1,0,0:0:0:0:
192,192,123881,1,0,0:0:0:0:
64,192,124057,1,0,0:0:0:0:
192,192,124057,1,0,0:0:0:0:
320,192,124057,1,0,0:0:0:0:
448,192,124233,128,0,124763:0:0:0:0:
64,192,124233,1,0,0:0:0:0:
64,192,124410,1,0,0:0:0:0:
192,192,124410,1,0,0:0:0:0:
320,192,124586,128,0,124675:0:0:0:0:
64,192,124586,128,0,124675:0:0:0:0:
192,192,124763,5,0,0:0:0:0:
320,192,124851,1,0,0:0:0:0:
192,192,124939,1,0,0:0:0:0:
448,192,125028,1,0,0:0:0:0:
64,192,125116,1,0,0:0:0:0:
192,192,125116,1,0,0:0:0:0:
320,192,125204,1,0,0:0:0:0:
192,192,125292,1,0,0:0:0:0:
448,192,125381,1,0,0:0:0:0:
64,192,125469,1,0,0:0:0:0:
192,192,125469,1,0,0:0:0:0:
320,192,125645,1,0,0:0:0:0:
448,192,125645,1,0,0:0:0:0:
192,192,125733,5,0,0:0:0:0:
64,192,125733,1,0,0:0:0:0:
320,192,125822,1,0,0:0:0:0:
448,192,125822,1,0,0:0:0:0:
192,192,125998,1,0,0:0:0:0:
320,192,125998,1,0,0:0:0:0:
64,192,126175,1,0,0:0:0:0:
192,192,126175,1,0,0:0:0:0:
448,192,126175,1,0,0:0:0:0:
320,192,126263,1,0,0:0:0:0:
448,192,126351,1,0,0:0:0:0:
64,192,126351,1,0,0:0:0:0:
192,192,126439,1,0,0:0:0:0:
320,192,126528,1,0,0:0:0:0:
448,192,126528,1,0,0:0:0:0:
64,192,126528,1,0,0:0:0:0:
192,192,126616,1,0,0:0:0:0:
448,192,126704,1,0,0:0:0:0:
320,192,126704,1,0,0:0:0:0:
192,192,126792,1,0,0:0:0:0:
320,192,126881,5,0,0:0:0:0:
448,192,126881,1,0,0:0:0:0:
64,192,126969,1,0,0:0:0:0:
192,192,127057,1,0,0:0:0:0:
320,192,127145,1,0,0:0:0:0:
192,192,127233,1,0,0:0:0:0:
448,192,127233,1,0,0:0:0:0:
64,192,127322,1,0,0:0:0:0:
448,192,127410,1,0,0:0:0:0:
320,192,127498,1,0,0:0:0:0:
192,192,127586,1,0,0:0:0:0:
64,192,127586,1,0,0:0:0:0:
320,192,127675,1,0,0:0:0:0:
448,192,127763,1,0,0:0:0:0:
64,192,127851,1,0,0:0:0:0:
192,192,127939,1,0,0:0:0:0:
320,192,127939,1,0,0:0:0:0:
448,192,128028,1,0,0:0:0:0:
64,192,128116,1,0,0:0:0:0:
192,192,128204,1,0,0:0:0:0:
320,192,128292,1,0,0:0:0:0:
448,192,128292,1,0,0:0:0:0:
64,192,128292,1,0,0:0:0:0:
192,192,128381,1,0,0:0:0:0:
320,192,128469,1,0,0:0:0:0:
192,192,128557,1,0,0:0:0:0:
320,192,128645,1,0,0:0:0:0:
448,192,128645,1,0,0:0:0:0:
64,192,128733,1,0,0:0:0:0:
192,192,128822,1,0,0:0:0:0:
320,192,128910,1,0,0:0:0:0:
448,192,128998,1,0,0:0:0:0:
64,192,128998,1,0,0:0:0:0:
192,192,129086,1,0,0:0:0:0:
320,192,129175,1,0,0:0:0:0:
448,192,129175,1,0,0:0:0:0:
192,192,129263,1,0,0:0:0:0:
64,192,129351,1,0,0:0:0:0:
320,192,129351,1,0,0:0:0:0:
448,192,129439,1,0,0:0:0:0:
320,192,129528,1,0,0:0:0:0:
192,192,129616,1,0,0:0:0:0:
320,192,129704,1,0,0:0:0:0:
448,192,129704,1,0,0:0:0:0:
64,192,129792,1,0,0:0:0:0:
192,192,129881,1,0,0:0:0:0:
448,192,129881,1,0,0:0:0:0:
320,192,129969,1,0,0:0:0:0:
192,192,130057,1,0,0:0:0:0:
64,192,130057,1,0,0:0:0:0:
320,192,130145,1,0,0:0:0:0:
448,192,130233,1,0,0:0:0:0:
64,192,130233,1,0,0:0:0:0:
192,192,130322,1,0,0:0:0:0:
320,192,130410,1,0,0:0:0:0:
448,192,130410,1,0,0:0:0:0:
192,192,130498,1,0,0:0:0:0:
64,192,130586,1,0,0:0:0:0:
320,192,130586,1,0,0:0:0:0:
448,192,130675,1,0,0:0:0:0:
64,192,130763,1,0,0:0:0:0:
192,192,130763,1,0,0:0:0:0:
320,192,130851,1,0,0:0:0:0:
448,192,130939,1,0,0:0:0:0:
64,192,131028,1,0,0:0:0:0:
192,192,131116,1,0,0:0:0:0:
320,192,131116,1,0,0:0:0:0:
448,192,131204,1,0,0:0:0:0:
64,192,131292,1,0,0:0:0:0:
192,192,131381,1,0,0:0:0:0:
320,192,131469,1,0,0:0:0:0:
448,192,131469,1,0,0:0:0:0:
192,192,131557,1,0,0:0:0:0:
64,192,131645,1,0,0:0:0:0:
320,192,131645,1,0,0:0:0:0:
448,192,131733,1,0,0:0:0:0:
64,192,131822,1,0,0:0:0:0:
192,192,131822,1,0,0:0:0:0:
448,192,131910,1,0,0:0:0:0:
64,192,131998,1,0,0:0:0:0:
320,192,131998,1,0,0:0:0:0:
192,192,132086,1,0,0:0:0:0:
320,192,132175,1,0,0:0:0:0:
448,192,132263,1,0,0:0:0:0:
192,192,132351,1,0,0:0:0:0:
320,192,132351,1,0,0:0:0:0:
64,192,132439,1,0,0:0:0:0:
192,192,132528,1,0,0:0:0:0:
320,192,132616,1,0,0:0:0:0:
448,192,132704,1,0,0:0:0:0:
64,192,132704,1,0,0:0:0:0:
192,192,132792,1,0,0:0:0:0:
320,192,132881,1,0,0:0:0:0:
448,192,132881,1,0,0:0:0:0:
192,192,132969,1,0,0:0:0:0:
64,192,133057,1,0,0:0:0:0:
448,192,133145,1,0,0:0:0:0:
320,192,133233,1,0,0:0:0:0:
64,192,133233,1,0,0:0:0:0:
192,192,133322,1,0,0:0:0:0:
320,192,133410,1,0,0:0:0:0:
64,192,133410,1,0,0:0:0:0:
448,192,133498,1,0,0:0:0:0:
192,192,133586,1,0,0:0:0:0:
320,192,133586,1,0,0:0:0:0:
64,192,133675,1,0,0:0:0:0:
192,192,133763,1,0,0:0:0:0:
320,192,133763,1,0,0:0:0:0:
448,192,133851,1,0,0:0:0:0:
320,192,133939,1,0,0:0:0:0:
192,192,134028,1,0,0:0:0:0:
64,192,134116,1,0,0:0:0:0:
448,192,134116,1,0,0:0:0:0:
320,192,134204,1,0,0:0:0:0:
192,192,134292,1,0,0:0:0:0:
64,192,134381,1,0,0:0:0:0:
320,192,134469,1,0,0:0:0:0:
192,192,134469,1,0,0:0:0:0:
448,192,134557,1,0,0:0:0:0:
64,192,134645,1,0,0:0:0:0:
192,192,134645,1,0,0:0:0:0:
320,192,134733,1,0,0:0:0:0:
448,192,134822,1,0,0:0:0:0:
192,192,134910,1,0,0:0:0:0:
320,192,134998,1,0,0:0:0:0:
320,192,135175,128,0,136233:0:0:0:0:
64,192,135175,1,0,0:0:0:0:
64,192,135528,1,0,0:0:0:0:
64,192,135881,1,0,0:0:0:0:
64,192,136057,1,0,0:0:0:0:
320,192,136763,128,0,136939:0:0:0:0:
320,192,137116,128,0,137292:0:0:0:0:
320,192,137469,128,0,137557:0:0:0:0:
320,192,137645,128,0,137733:0:0:0:0:
320,192,137822,128,0,137910:0:0:0:0:
320,192,137998,128,0,138086:0:0:0:0:
64,192,138175,1,0,0:0:0:0:
192,192,138175,1,0,0:0:0:0:
448,192,138175,1,0,0:0:0:0:
320,192,138263,1,0,0:0:0:0:
192,192,138351,1,0,0:0:0:0:
448,192,138351,1,0,0:0:0:0:
320,192,138439,1,0,0:0:0:0:
64,192,138528,1,0,0:0:0:0:
192,192,138528,1,0,0:0:0:0:
448,192,138616,1,0,0:0:0:0:
64,192,138704,1,0,0:0:0:0:
192,192,138704,1,0,0:0:0:0:
320,192,138792,1,0,0:0:0:0:
448,192,138881,1,0,0:0:0:0:
64,192,138881,1,0,0:0:0:0:
192,192,138969,1,0,0:0:0:0:
64,192,139057,1,0,0:0:0:0:
448,192,139057,1,0,0:0:0:0:
192,192,139145,1,0,0:0:0:0:
448,192,139233,1,0,0:0:0:0:
320,192,139233,1,0,0:0:0:0:
192,192,139322,1,0,0:0:0:0:
320,192,139410,1,0,0:0:0:0:
448,192,139410,1,0,0:0:0:0:
64,192,139498,1,0,0:0:0:0:
192,192,139586,1,0,0:0:0:0:
320,192,139586,1,0,0:0:0:0:
448,192,139675,1,0,0:0:0:0:
64,192,139763,1,0,0:0:0:0:
320,192,139763,1,0,0:0:0:0:
192,192,139851,1,0,0:0:0:0:
64,192,139939,1,0,0:0:0:0:
320,192,139939,1,0,0:0:0:0:
448,192,139939,1,0,0:0:0:0:
192,192,140028,1,0,0:0:0:0:
320,192,140116,1,0,0:0:0:0:
448,192,140116,1,0,0:0:0:0:
64,192,140204,1,0,0:0:0:0:
192,192,140292,1,0,0:0:0:0:
320,192,140292,1,0,0:0:0:0:
64,192,140381,1,0,0:0:0:0:
192,192,140469,1,0,0:0:0:0:
448,192,140469,1,0,0:0:0:0:
320,192,140557,1,0,0:0:0:0:
64,192,140645,1,0,0:0:0:0:
192,192,140645,1,0,0:0:0:0:
320,192,140733,1,0,0:0:0:0:
448,192,140822,1,0,0:0:0:0:
192,192,140822,1,0,0:0:0:0:
320,192,140910,1,0,0:0:0:0:
64,192,140998,1,0,0:0:0:0:
192,192,140998,1,0,0:0:0:0:
320,192,141086,1,0,0:0:0:0:
448,192,141175,1,0,0:0:0:0:
192,192,141175,1,0,0:0:0:0:
64,192,141263,1,0,0:0:0:0:
192,192,141351,1,0,0:0:0:0:
320,192,141351,1,0,0:0:0:0:
448,192,141351,1,0,0:0:0:0:
64,192,141439,1,0,0:0:0:0:
192,192,141528,1,0,0:0:0:0:
448,192,141528,1,0,0:0:0:0:
320,192,141616,1,0,0:0:0:0:
64,192,141704,1,0,0:0:0:0:
192,192,141704,1,0,0:0:0:0:
320,192,141792,1,0,0:0:0:0:
448,192,141881,1,0,0:0:0:0:
64,192,141881,1,0,0:0:0:0:
192,192,141969,1,0,0:0:0:0:
320,192,142057,1,0,0:0:0:0:
448,192,142057,1,0,0:0:0:0:
192,192,142145,1,0,0:0:0:0:
64,192,142233,1,0,0:0:0:0:
320,192,142233,1,0,0:0:0:0:
192,192,142322,1,0,0:0:0:0:
320,192,142410,1,0,0:0:0:0:
448,192,142410,1,0,0:0:0:0:
64,192,142498,1,0,0:0:0:0:
192,192,142586,1,0,0:0:0:0:
448,192,142586,1,0,0:0:0:0:
320,192,142675,1,0,0:0:0:0:
64,192,142763,1,0,0:0:0:0:
192,192,142763,1,0,0:0:0:0:
320,192,142851,1,0,0:0:0:0:
448,192,142939,1,0,0:0:0:0:
192,192,142939,1,0,0:0:0:0:
64,192,143028,1,0,0:0:0:0:
320,192,143116,1,0,0:0:0:0:
448,192,143116,1,0,0:0:0:0:
192,192,143204,1,0,0:0:0:0:
64,192,143292,1,0,0:0:0:0:
448,192,143292,1,0,0:0:0:0:
320,192,143381,1,0,0:0:0:0:
64,192,143469,1,0,0:0:0:0:
448,192,143469,1,0,0:0:0:0:
192,192,143557,1,0,0:0:0:0:
64,192,143645,1,0,0:0:0:0:
448,192,143645,1,0,0:0:0:0:
192,192,143733,1,0,0:0:0:0:
320,192,143822,1,0,0:0:0:0:
448,192,143822,1,0,0:0:0:0:
64,192,143910,1,0,0:0:0:0:
192,192,143998,1,0,0:0:0:0:
448,192,143998,1,0,0:0:0:0:
320,192,144086,1,0,0:0:0:0:
192,192,144175,1,0,0:0:0:0:
448,192,144175,1,0,0:0:0:0:
64,192,144263,1,0,0:0:0:0:
192,192,144351,1,0,0:0:0:0:
320,192,144351,1,0,0:0:0:0:
448,192,144439,1,0,0:0:0:0:
64,192,144528,1,0,0:0:0:0:
192,192,144528,1,0,0:0:0:0:
320,192,144616,1,0,0:0:0:0:
448,192,144704,1,0,0:0:0:0:
64,192,144704,1,0,0:0:0:0:
192,192,144792,1,0,0:0:0:0:
320,192,144881,1,0,0:0:0:0:
448,192,144881,1,0,0:0:0:0:
192,192,144969,1,0,0:0:0:0:
64,192,145057,1,0,0:0:0:0:
448,192,145057,1,0,0:0:0:0:
192,192,145145,1,0,0:0:0:0:
320,192,145233,1,0,0:0:0:0:
64,192,145233,1,0,0:0:0:0:
448,192,145322,1,0,0:0:0:0:
64,192,145410,1,0,0:0:0:0:
320,192,145410,1,0,0:0:0:0:
192,192,145498,1,0,0:0:0:0:
320,192,145586,1,0,0:0:0:0:
64,192,145586,1,0,0:0:0:0:
448,192,145675,1,0,0:0:0:0:
192,192,145763,1,0,0:0:0:0:
64,192,145763,1,0,0:0:0:0:
320,192,145851,1,0,0:0:0:0:
192,192,145939,1,0,0:0:0:0:
448,192,145939,1,0,0:0:0:0:
320,192,146028,1,0,0:0:0:0:
448,192,146116,1,0,0:0:0:0:
192,192,146116,1,0,0:0:0:0:
64,192,146204,1,0,0:0:0:0:
192,192,146292,1,0,0:0:0:0:
320,192,146292,1,0,0:0:0:0:
448,192,146381,1,0,0:0:0:0:
64,192,146469,1,0,0:0:0:0:
192,192,146469,1,0,0:0:0:0:
448,192,146557,1,0,0:0:0:0:
320,192,146645,1,0,0:0:0:0:
192,192,146645,1,0,0:0:0:0:
64,192,146733,1,0,0:0:0:0:
192,192,146822,1,0,0:0:0:0:
448,192,146822,1,0,0:0:0:0:
320,192,146910,1,0,0:0:0:0:
448,192,146998,1,0,0:0:0:0:
192,192,146998,1,0,0:0:0:0:
64,192,146998,1,0,0:0:0:0:
320,192,147086,1,0,0:0:0:0:
448,192,147175,1,0,0:0:0:0:
64,192,147175,1,0,0:0:0:0:
192,192,147263,1,0,0:0:0:0:
320,192,147351,1,0,0:0:0:0:
448,192,147351,1,0,0:0:0:0:
192,192,147439,1,0,0:0:0:0:
64,192,147528,1,0,0:0:0:0:
448,192,147528,1,0,0:0:0:0:
320,192,147616,1,0,0:0:0:0:
192,192,147704,1,0,0:0:0:0:
64,192,147704,1,0,0:0:0:0:
320,192,147792,1,0,0:0:0:0:
448,192,147881,1,0,0:0:0:0:
192,192,147881,1,0,0:0:0:0:
320,192,147969,1,0,0:0:0:0:
64,192,148057,1,0,0:0:0:0:
192,192,148057,1,0,0:0:0:0:
320,192,148145,1,0,0:0:0:0:
448,192,148233,1,0,0:0:0:0:
64,192,148233,1,0,0:0:0:0:
192,192,148322,1,0,0:0:0:0:
320,192,148410,1,0,0:0:0:0:
448,192,148410,1,0,0:0:0:0:
192,192,148498,1,0,0:0:0:0:
64,192,148586,1,0,0:0:0:0:
320,192,148586,1,0,0:0:0:0:
448,192,148675,1,0,0:0:0:0:
192,192,148763,1,0,0:0:0:0:
320,192,148763,1,0,0:0:0:0:
64,192,148851,1,0,0:0:0:0:
320,192,148939,1,0,0:0:0:0:
448,192,148939,1,0,0:0:0:0:
192,192,149028,1,0,0:0:0:0:
64,192,149028,1,0,0:0:0:0:
320,192,149116,1,0,0:0:0:0:
448,192,149116,1,0,0:0:0:0:
192,192,149204,1,0,0:0:0:0:
448,192,149292,1,0,0:0:0:0:
64,192,149292,1,0,0:0:0:0:
320,192,149381,1,0,0:0:0:0:
192,192,149469,1,0,0:0:0:0:
64,192,149469,1,0,0:0:0:0:
448,192,149557,1,0,0:0:0:0:
64,192,149645,1,0,0:0:0:0:
320,192,149645,1,0,0:0:0:0:
192,192,149733,1,0,0:0:0:0:
64,192,149822,1,0,0:0:0:0:
320,192,149822,1,0,0:0:0:0:
448,192,149910,1,0,0:0:0:0:
320,192,149998,1,0,0:0:0:0:
192,192,149998,1,0,0:0:0:0:
64,192,150086,1,0,0:0:0:0:
320,192,150175,1,0,0:0:0:0:
448,192,150175,1,0,0:0:0:0:
192,192,150263,1,0,0:0:0:0:
64,192,150351,1,0,0:0:0:0:
320,192,150351,1,0,0:0:0:0:
448,192,150439,1,0,0:0:0:0:
192,192,150528,1,0,0:0:0:0:
320,192,150528,1,0,0:0:0:0:
448,192,150616,1,0,0:0:0:0:
64,192,150704,1,0,0:0:0:0:
320,192,150704,1,0,0:0:0:0:
192,192,150792,1,0,0:0:0:0:
320,192,150881,1,0,0:0:0:0:
448,192,150969,1,0,0:0:0:0:
64,192,151057,1,0,0:0:0:0:
320,192,151057,1,0,0:0:0:0:
192,192,151145,1,0,0:0:0:0:
320,192,151233,1,0,0:0:0:0:
448,192,151233,1,0,0:0:0:0:
192,192,151322,1,0,0:0:0:0:
64,192,151410,1,0,0:0:0:0:
320,192,151410,1,0,0:0:0:0:
448,192,151498,1,0,0:0:0:0:
64,192,151586,1,0,0:0:0:0:
320,192,151586,1,0,0:0:0:0:
192,192,151675,1,0,0:0:0:0:
64,192,151763,1,0,0:0:0:0:
448,192,151763,1,0,0:0:0:0:
192,192,151851,1,0,0:0:0:0:
448,192,151939,1,0,0:0:0:0:
64,192,151939,1,0,0:0:0:0:
320,192,152028,1,0,0:0:0:0:
448,192,152116,1,0,0:0:0:0:
192,192,152116,1,0,0:0:0:0:
320,192,152204,1,0,0:0:0:0:
448,192,152292,1,0,0:0:0:0:
64,192,152292,1,0,0:0:0:0:
320,192,152381,1,0,0:0:0:0:
192,192,152469,1,0,0:0:0:0:
64,192,152557,1,0,0:0:0:0:
192,192,152645,1,0,0:0:0:0:
320,192,152645,1,0,0:0:0:0:
448,192,152733,1,0,0:0:0:0:
320,192,152822,1,0,0:0:0:0:
192,192,152910,1,0,0:0:0:0:
320,192,152998,1,0,0:0:0:0:
448,192,152998,1,0,0:0:0:0:
192,192,153086,1,0,0:0:0:0:
64,192,153175,1,0,0:0:0:0:
448,192,153175,1,0,0:0:0:0:
192,192,153263,1,0,0:0:0:0:
320,192,153351,1,0,0:0:0:0:
448,192,153351,1,0,0:0:0:0:
64,192,153439,1,0,0:0:0:0:
192,192,153528,1,0,0:0:0:0:
448,192,153528,1,0,0:0:0:0:
320,192,153616,1,0,0:0:0:0:
192,192,153704,1,0,0:0:0:0:
64,192,153704,1,0,0:0:0:0:
320,192,153792,1,0,0:0:0:0:
448,192,153881,1,0,0:0:0:0:
192,192,153881,1,0,0:0:0:0:
320,192,153969,1,0,0:0:0:0:
192,192,154057,1,0,0:0:0:0:
64,192,154057,1,0,0:0:0:0:
448,192,154057,1,0,0:0:0:0:
320,192,154145,1,0,0:0:0:0:
64,192,154233,1,0,0:0:0:0:
192,192,154322,1,0,0:0:0:0:
320,192,154410,1,0,0:0:0:0:
448,192,154410,1,0,0:0:0:0:
192,192,154498,1,0,0:0:0:0:
320,192,154586,1,0,0:0:0:0:
448,192,154586,1,0,0:0:0:0:
192,192,154675,1,0,0:0:0:0:
320,192,154763,1,0,0:0:0:0:
448,192,154763,1,0,0:0:0:0:
64,192,154763,1,0,0:0:0:0:
192,192,154851,1,0,0:0:0:0:
64,192,154939,1,0,0:0:0:0:
320,192,154939,1,0,0:0:0:0:
448,192,155028,1,0,0:0:0:0:
192,192,155116,1,0,0:0:0:0:
320,192,155116,1,0,0:0:0:0:
448,192,155204,1,0,0:0:0:0:
64,192,155292,1,0,0:0:0:0:
320,192,155292,1,0,0:0:0:0:
192,192,155381,1,0,0:0:0:0:
64,192,155469,1,0,0:0:0:0:
448,192,155469,1,0,0:0:0:0:
320,192,155557,1,0,0:0:0:0:
192,192,155645,1,0,0:0:0:0:
448,192,155645,1,0,0:0:0:0:
320,192,155733,1,0,0:0:0:0:
64,192,155822,1,0,0:0:0:0:
192,192,155822,1,0,0:0:0:0:
320,192,155910,1,0,0:0:0:0:
448,192,155998,1,0,0:0:0:0:
192,192,155998,1,0,0:0:0:0:
64,192,156086,1,0,0:0:0:0:
192,192,156175,1,0,0:0:0:0:
320,192,156175,1,0,0:0:0:0:
448,192,156263,1,0,0:0:0:0:
192,192,156351,1,0,0:0:0:0:
320,192,156351,1,0,0:0:0:0:
448,192,156439,1,0,0:0:0:0:
64,192,156528,1,0,0:0:0:0:
192,192,156528,1,0,0:0:0:0:
448,192,156616,1,0,0:0:0:0:
64,192,156704,1,0,0:0:0:0:
320,192,156704,1,0,0:0:0:0:
192,192,156792,1,0,0:0:0:0:
320,192,156881,1,0,0:0:0:0:
448,192,156881,1,0,0:0:0:0:
192,192,156969,1,0,0:0:0:0:
64,192,157057,1,0,0:0:0:0:
320,192,157057,1,0,0:0:0:0:
192,192,157145,1,0,0:0:0:0:
320,192,157233,1,0,0:0:0:0:
448,192,157233,1,0,0:0:0:0:
192,192,157322,1,0,0:0:0:0:
64,192,157410,1,0,0:0:0:0:
448,192,157410,1,0,0:0:0:0:
192,192,157498,1,0,0:0:0:0:
320,192,157586,1,0,0:0:0:0:
448,192,157586,1,0,0:0:0:0:
192,192,157675,1,0,0:0:0:0:
64,192,157763,1,0,0:0:0:0:
320,192,157763,1,0,0:0:0:0:
448,192,157851,1,0,0:0:0:0:
64,192,157939,1,0,0:0:0:0:
192,192,157939,1,0,0:0:0:0:
320,192,158028,1,0,0:0:0:0:
448,192,158116,1,0,0:0:0:0:
192,192,158116,1,0,0:0:0:0:
64,192,158204,1,0,0:0:0:0:
320,192,158292,1,0,0:0:0:0:
448,192,158292,1,0,0:0:0:0:
64,192,158381,1,0,0:0:0:0:
192,192,158469,1,0,0:0:0:0:
448,192,158469,1,0,0:0:0:0:
320,192,158557,1,0,0:0:0:0:
64,192,158645,1,0,0:0:0:0:
192,192,158645,1,0,0:0:0:0:
320,192,158733,1,0,0:0:0:0:
448,192,158822,1,0,0:0:0:0:
64,192,158822,1,0,0:0:0:0:
192,192,158910,1,0,0:0:0:0:
320,192,158998,1,0,0:0:0:0:
448,192,158998,1,0,0:0:0:0:
192,192,159086,1,0,0:0:0:0:
64,192,159175,1,0,0:0:0:0:
320,192,159175,1,0,0:0:0:0:
448,192,159263,1,0,0:0:0:0:
192,192,159351,1,0,0:0:0:0:
320,192,159351,1,0,0:0:0:0:
64,192,159439,1,0,0:0:0:0:
192,192,159528,1,0,0:0:0:0:
320,192,159528,1,0,0:0:0:0:
448,192,159616,1,0,0:0:0:0:
64,192,159704,1,0,0:0:0:0:
320,192,159704,1,0,0:0:0:0:
192,192,159704,1,0,0:0:0:0:
448,192,159792,1,0,0:0:0:0:
64,192,159881,1,0,0:0:0:0:
192,192,159881,1,0,0:0:0:0:
320,192,159969,1,0,0:0:0:0:
64,192,160057,1,0,0:0:0:0:
192,192,160057,1,0,0:0:0:0:
320,192,160145,1,0,0:0:0:0:
64,192,160233,1,0,0:0:0:0:
192,192,160233,1,0,0:0:0:0:
448,192,160233,1,0,0:0:0:0:
64,192,160410,1,0,0:0:0:0:
192,192,160410,1,0,0:0:0:0:
320,192,160410,1,0,0:0:0:0:
448,192,160410,1,0,0:0:0:0:
64,192,160586,1,0,0:0:0:0:
448,192,160586,1,0,0:0:0:0:
320,192,160763,1,0,0:0:0:0:
448,192,160763,1,0,0:0:0:0:
192,192,160851,1,0,0:0:0:0:
64,192,160939,1,0,0:0:0:0:
448,192,161028,1,0,0:0:0:0:
320,192,161116,1,0,0:0:0:0:
192,192,161116,1,0,0:0:0:0:
64,192,161204,1,0,0:0:0:0:
448,192,161292,1,0,0:0:0:0:
320,192,161381,1,0,0:0:0:0:
192,192,161469,1,0,0:0:0:0:
64,192,161469,1,0,0:0:0:0:
448,192,161645,1,0,0:0:0:0:
192,192,161645,1,0,0:0:0:0:
64,192,161645,1,0,0:0:0:0:
320,192,161733,1,0,0:0:0:0:
192,192,161822,1,0,0:0:0:0:
64,192,161822,1,0,0:0:0:0:
448,192,161822,1,0,0:0:0:0:
320,192,161910,1,0,0:0:0:0:
448,192,161998,1,0,0:0:0:0:
192,192,161998,1,0,0:0:0:0:
64,192,162086,1,0,0:0:0:0:
192,192,162175,1,0,0:0:0:0:
320,192,162175,1,0,0:0:0:0:
192,192,162351,1,0,0:0:0:0:
320,192,162351,1,0,0:0:0:0:
64,192,162528,1,0,0:0:0:0:
448,192,162528,1,0,0:0:0:0:
192,192,162704,1,0,0:0:0:0:
448,192,162704,1,0,0:0:0:0:
192,192,162881,1,0,0:0:0:0:
320,192,162881,1,0,0:0:0:0:
64,192,163057,1,0,0:0:0:0:
320,192,163057,1,0,0:0:0:0:
64,192,163233,1,0,0:0:0:0:
448,192,163233,1,0,0:0:0:0:
320,192,163410,1,0,0:0:0:0:
192,192,163586,1,0,0:0:0:0:
64,192,163586,1,0,0:0:0:0:
320,192,163675,1,0,0:0:0:0:
448,192,163763,1,0,0:0:0:0:
64,192,163851,1,0,0:0:0:0:
192,192,163939,1,0,0:0:0:0:
320,192,163939,1,0,0:0:0:0:
448,192,164028,1,0,0:0:0:0:
64,192,164116,1,0,0:0:0:0:
192,192,164204,1,0,0:0:0:0:
448,192,164292,1,0,0:0:0:0:
320,192,164292,1,0,0:0:0:0:
64,192,164469,1,0,0:0:0:0:
320,192,164469,1,0,0:0:0:0:
448,192,164469,1,0,0:0:0:0:
192,192,164557,1,0,0:0:0:0:
320,192,164645,1,0,0:0:0:0:
448,192,164645,1,0,0:0:0:0:
64,192,164645,1,0,0:0:0:0:
192,192,164733,1,0,0:0:0:0:
64,192,164822,1,0,0:0:0:0:
320,192,164822,1,0,0:0:0:0:
448,192,164910,1,0,0:0:0:0:
320,192,164998,1,0,0:0:0:0:
192,192,164998,1,0,0:0:0:0:
64,192,165175,1,0,0:0:0:0:
448,192,165175,1,0,0:0:0:0:
448,192,165351,1,0,0:0:0:0:
64,192,165351,1,0,0:0:0:0:
192,192,165351,1,0,0:0:0:0:
64,192,165528,1,0,0:0:0:0:
448,192,165528,1,0,0:0:0:0:
64,192,165704,1,0,0:0:0:0:
448,192,165704,1,0,0:0:0:0:
320,192,165704,1,0,0:0:0:0:
192,192,165704,1,0,0:0:0:0:
320,192,165881,1,0,0:0:0:0:
448,192,165881,1,0,0:0:0:0:
64,192,165881,1,0,0:0:0:0:
192,192,165969,1,0,0:0:0:0:
64,192,166057,1,0,0:0:0:0:
320,192,166057,1,0,0:0:0:0:
448,192,166057,1,0,0:0:0:0:
320,192,166233,1,0,0:0:0:0:
192,192,166233,1,0,0:0:0:0:
64,192,166410,128,0,166498:0:0:0:0:
192,192,166410,128,0,166498:0:0:0:0:
320,192,166410,128,0,166498:0:0:0:0:
448,192,166410,128,0,166498:0:0:0:0:
192,192,166763,1,0,0:0:0:0:
64,192,166763,1,0,0:0:0:0:
448,192,166763,1,0,0:0:0:0:
320,192,166851,1,0,0:0:0:0:
448,192,166939,1,0,0:0:0:0:
64,192,166939,1,0,0:0:0:0:
448,192,167116,1,0,0:0:0:0:
320,192,167116,1,0,0:0:0:0:
64,192,167116,1,0,0:0:0:0:
192,192,167204,1,0,0:0:0:0:
64,192,167292,1,0,0:0:0:0:
448,192,167292,1,0,0:0:0:0:
448,192,167469,1,0,0:0:0:0:
192,192,167469,1,0,0:0:0:0:
64,192,167469,1,0,0:0:0:0:
320,192,167557,1,0,0:0:0:0:
192,192,167645,1,0,0:0:0:0:
64,192,167733,1,0,0:0:0:0:
320,192,167822,1,0,0:0:0:0:
192,192,167822,1,0,0:0:0:0:
448,192,167910,1,0,0:0:0:0:
320,192,167998,1,0,0:0:0:0:
64,192,167998,1,0,0:0:0:0:
192,192,168086,1,0,0:0:0:0:
448,192,168175,1,0,0:0:0:0:
320,192,168175,1,0,0:0:0:0:
192,192,168263,1,0,0:0:0:0:
64,192,168351,1,0,0:0:0:0:
448,192,168351,1,0,0:0:0:0:
320,192,168439,1,0,0:0:0:0:
448,192,168528,1,0,0:0:0:0:
192,192,168528,1,0,0:0:0:0:
64,192,168616,1,0,0:0:0:0:
448,192,168704,1,0,0:0:0:0:
320,192,168704,1,0,0:0:0:0:
192,192,168792,1,0,0:0:0:0:
448,192,168881,1,0,0:0:0:0:
320,192,168881,1,0,0:0:0:0:
192,192,168969,1,0,0:0:0:0:
64,192,168969,1,0,0:0:0:0:
448,192,169057,1,0,0:0:0:0:
320,192,169057,1,0,0:0:0:0:
192,192,169145,1,0,0:0:0:0:
448,192,169233,128,0,169410:0:0:0:0:
64,192,169233,128,0,169410:0:0:0:0:
192,192,169586,128,0,169763:0:0:0:0:
448,192,169939,128,0,170116:0:0:0:0:
64,192,169939,128,0,170116:0:0:0:0:
320,192,170292,128,0,170469:0:0:0:0:
192,192,170645,128,0,170733:0:0:0:0:
