osu file format v14

[General]
AudioFilename: The Melancholy of Haruhi Suzumiya Opening 2 - Super Driver [KaraokeLyricsSubbed].mp3
AudioLeadIn: 1500
PreviewTime: 41000
Countdown: 0
SampleSet: Normal
StackLeniency: 0.7
Mode: 3
LetterboxInBreaks: 0
SpecialStyle: 0
WidescreenStoryboard: 0

[Editor]
DistanceSpacing: 0.8
BeatDivisor: 4
GridSize: 16
TimelineZoom: 1

[Metadata]
Title:Super Driver
TitleUnicode:Super Driver
Artist:Hirayno Aya
ArtistUnicode:Hirayno Aya
Creator:antip0is0n
Version:Medium(dance-single)
Source:
Tags:
BeatmapID:0
BeatmapSetID:-1

[Difficulty]
HPDrainRate:7
CircleSize:4
OverallDifficulty:7
ApproachRate:9
SliderMultiplier:1.4
SliderTickRate:1

[Events]
//Background and Video events
0,0,"thisiskillingme.jpg",0,0
//Break Periods
//Storyboard Layer 0 (Background)
//Storyboard Layer 1 (Fail)
//Storyboard Layer 2 (Pass)
//Storyboard Layer 3 (Foreground)
//Storyboard Layer 4 (Overlay)
//Storyboard Sound Samples

[TimingPoints]
398,299.85,4,1,0,15,1,0
1597.4,292.683,4,1,0,15,1,0
2475.45,322.581,4,1,0,15,1,0
2798.03,297.03,4,1,0,15,1,0
4877.24,303.03,4,1,0,15,1,0
5483.3,300,4,1,0,15,1,0
9683.3,275.229,4,1,0,15,1,0
9958.53,300,4,1,0,15,1,0


[HitObjects]
64,0,638,5,0,1:0:0:0:
192,0,638,1,0,1:0:0:0:
320,0,788,1,0,1:0:0:0:
448,0,788,1,0,1:0:0:0:
64,0,938,1,0,1:0:0:0:
192,0,938,1,0,1:0:0:0:
320,0,1088,1,0,1:0:0:0:
448,0,1088,1,0,1:0:0:0:
64,0,1238,1,0,1:0:0:0:
192,0,1238,1,0,1:0:0:0:
320,0,1537,1,0,1:0:0:0:
448,0,1537,1,0,1:0:0:0:
64,0,1684,1,0,1:0:0:0:
192,0,1684,1,0,1:0:0:0:
320,0,1830,1,0,1:0:0:0:
448,0,1830,1,0,1:0:0:0:
64,0,1976,1,0,1:0:0:0:
192,0,1976,1,0,1:0:0:0:
320,0,2123,1,0,1:0:0:0:
448,0,2123,1,0,1:0:0:0:
192,0,2415,1,0,1:0:0:0:
320,0,2415,1,0,1:0:0:0:
448,0,2415,1,0,1:0:0:0:
192,0,2738,1,0,1:0:0:0:
320,0,2738,1,0,1:0:0:0:
448,0,2738,1,0,1:0:0:0:
64,0,3035,1,0,1:0:0:0:
192,0,3035,1,0,1:0:0:0:
320,0,3184,1,0,1:0:0:0:
448,0,3184,1,0,1:0:0:0:
64,0,3332,1,0,1:0:0:0:
192,0,3332,1,0,1:0:0:0:
320,0,3481,1,0,1:0:0:0:
448,0,3481,1,0,1:0:0:0:
64,0,3629,1,0,1:0:0:0:
192,0,3629,1,0,1:0:0:0:
320,0,3926,1,0,1:0:0:0:
448,0,3926,1,0,1:0:0:0:
64,0,4075,1,0,1:0:0:0:
192,0,4075,1,0,1:0:0:0:
320,0,4223,1,0,1:0:0:0:
448,0,4223,1,0,1:0:0:0:
64,0,4372,1,0,1:0:0:0:
192,0,4372,1,0,1:0:0:0:
320,0,4520,1,0,1:0:0:0:
448,0,4520,1,0,1:0:0:0:
64,0,4817,1,0,1:0:0:0:
192,0,4817,1,0,1:0:0:0:
448,0,4893,1,0,1:0:0:0:
320,0,4969,1,0,1:0:0:0:
192,0,5045,1,0,1:0:0:0:
64,0,5120,1,0,1:0:0:0:
320,0,5120,1,0,1:0:0:0:
448,0,5120,1,0,1:0:0:0:
64,0,5423,1,0,1:0:0:0:
320,0,5423,1,0,1:0:0:0:
448,0,5423,1,0,1:0:0:0:
64,0,5573,1,0,1:0:0:0:
192,0,5573,1,0,1:0:0:0:
64,0,5723,1,0,1:0:0:0:
192,0,5723,1,0,1:0:0:0:
320,0,5723,1,0,1:0:0:0:
64,0,5873,1,0,1:0:0:0:
320,0,5873,1,0,1:0:0:0:
448,0,5873,1,0,1:0:0:0:
64,0,6173,1,0,1:0:0:0:
192,0,6173,1,0,1:0:0:0:
64,0,6323,1,0,1:0:0:0:
192,0,6323,1,0,1:0:0:0:
448,0,6323,1,0,1:0:0:0:
64,0,6623,1,0,1:0:0:0:
192,0,6623,1,0,1:0:0:0:
320,0,6773,1,0,1:0:0:0:
448,0,6773,1,0,1:0:0:0:
192,0,6923,1,0,1:0:0:0:
320,0,6923,1,0,1:0:0:0:
448,0,6923,1,0,1:0:0:0:
192,0,7073,1,0,1:0:0:0:
320,0,7073,1,0,1:0:0:0:
64,0,7223,1,0,1:0:0:0:
192,0,7223,1,0,1:0:0:0:
320,0,7373,1,0,1:0:0:0:
448,0,7373,1,0,1:0:0:0:
64,0,7523,1,0,1:0:0:0:
320,0,7523,1,0,1:0:0:0:
448,0,7523,1,0,1:0:0:0:
192,0,7673,1,0,1:0:0:0:
320,0,7673,1,0,1:0:0:0:
64,0,7823,1,0,1:0:0:0:
320,0,7823,1,0,1:0:0:0:
448,0,7823,1,0,1:0:0:0:
64,0,7973,1,0,1:0:0:0:
192,0,7973,1,0,1:0:0:0:
64,0,8123,1,0,1:0:0:0:
192,0,8123,1,0,1:0:0:0:
192,0,8273,1,0,1:0:0:0:
320,0,8273,1,0,1:0:0:0:
192,0,8423,1,0,1:0:0:0:
320,0,8423,1,0,1:0:0:0:
448,0,8423,1,0,1:0:0:0:
320,0,8573,1,0,1:0:0:0:
448,0,8573,1,0,1:0:0:0:
64,0,8723,1,0,1:0:0:0:
192,0,8723,1,0,1:0:0:0:
448,0,8723,1,0,1:0:0:0:
448,0,9023,1,0,1:0:0:0:
448,0,9323,1,0,1:0:0:0:
64,0,9623,1,0,1:0:0:0:
192,0,9623,1,0,1:0:0:0:
448,0,9623,1,0,1:0:0:0:
64,0,9761,1,0,1:0:0:0:
192,0,9761,1,0,1:0:0:0:
64,0,9899,1,0,1:0:0:0:
320,0,9899,1,0,1:0:0:0:
448,0,9899,1,0,1:0:0:0:
320,0,10049,1,0,1:0:0:0:
448,0,10049,1,0,1:0:0:0:
64,0,10199,1,0,1:0:0:0:
192,0,10199,1,0,1:0:0:0:
448,0,10199,1,0,1:0:0:0:
64,0,10349,1,0,1:0:0:0:
192,0,10349,1,0,1:0:0:0:
192,0,10499,1,0,1:0:0:0:
320,0,10499,1,0,1:0:0:0:
448,0,10499,1,0,1:0:0:0:
64,0,10799,1,0,1:0:0:0:
192,0,10799,1,0,1:0:0:0:
448,0,10799,1,0,1:0:0:0:
64,0,10949,1,0,1:0:0:0:
192,0,10949,1,0,1:0:0:0:
192,0,11099,1,0,1:0:0:0:
320,0,11099,1,0,1:0:0:0:
448,0,11099,1,0,1:0:0:0:
192,0,11399,1,0,1:0:0:0:
320,0,11399,1,0,1:0:0:0:
448,0,11399,1,0,1:0:0:0:
64,0,11549,1,0,1:0:0:0:
192,0,11549,1,0,1:0:0:0:
64,0,11699,1,0,1:0:0:0:
192,0,11699,1,0,1:0:0:0:
320,0,11699,1,0,1:0:0:0:
192,0,11849,1,0,1:0:0:0:
320,0,11849,1,0,1:0:0:0:
64,0,11999,1,0,1:0:0:0:
320,0,11999,1,0,1:0:0:0:
448,0,11999,1,0,1:0:0:0:
64,0,12149,1,0,1:0:0:0:
192,0,12149,1,0,1:0:0:0:
64,0,12299,1,0,1:0:0:0:
192,0,12299,1,0,1:0:0:0:
448,0,12299,1,0,1:0:0:0:
320,0,12449,1,0,1:0:0:0:
448,0,12449,1,0,1:0:0:0:
192,0,12599,1,0,1:0:0:0:
320,0,12599,1,0,1:0:0:0:
448,0,12599,1,0,1:0:0:0:
64,0,12749,1,0,1:0:0:0:
192,0,12749,1,0,1:0:0:0:
192,0,12899,1,0,1:0:0:0:
320,0,12899,1,0,1:0:0:0:
448,0,12899,1,0,1:0:0:0:
320,0,13049,1,0,1:0:0:0:
448,0,13049,1,0,1:0:0:0:
64,0,13349,1,0,1:0:0:0:
192,0,13349,1,0,1:0:0:0:
448,0,13349,1,0,1:0:0:0:
64,0,13499,1,0,1:0:0:0:
192,0,13499,1,0,1:0:0:0:
320,0,13499,1,0,1:0:0:0:
64,0,13649,1,0,1:0:0:0:
320,0,13649,1,0,1:0:0:0:
448,0,13649,1,0,1:0:0:0:
64,0,13799,1,0,1:0:0:0:
192,0,13799,1,0,1:0:0:0:
320,0,13949,1,0,1:0:0:0:
448,0,13949,1,0,1:0:0:0:
64,0,14099,1,0,1:0:0:0:
192,0,14099,1,0,1:0:0:0:
448,0,14099,1,0,1:0:0:0:
64,0,14399,1,0,1:0:0:0:
192,0,14399,1,0,1:0:0:0:
320,0,14399,1,0,1:0:0:0:
64,0,14549,1,0,1:0:0:0:
192,0,14549,1,0,1:0:0:0:
192,0,14699,1,0,1:0:0:0:
320,0,14699,1,0,1:0:0:0:
448,0,14699,1,0,1:0:0:0:
320,0,14849,1,0,1:0:0:0:
448,0,14849,1,0,1:0:0:0:
64,0,14999,1,0,1:0:0:0:
192,0,14999,1,0,1:0:0:0:
448,0,14999,1,0,1:0:0:0:
64,0,15149,1,0,1:0:0:0:
192,0,15149,1,0,1:0:0:0:
192,0,15299,1,0,1:0:0:0:
320,0,15299,1,0,1:0:0:0:
448,0,15299,1,0,1:0:0:0:
64,0,15599,1,0,1:0:0:0:
320,0,15599,1,0,1:0:0:0:
448,0,15599,1,0,1:0:0:0:
64,0,15749,1,0,1:0:0:0:
192,0,15749,1,0,1:0:0:0:
320,0,15749,1,0,1:0:0:0:
192,0,15899,1,0,1:0:0:0:
320,0,15899,1,0,1:0:0:0:
448,0,15899,1,0,1:0:0:0:
320,0,16049,1,0,1:0:0:0:
448,0,16049,1,0,1:0:0:0:
64,0,16199,1,0,1:0:0:0:
320,0,16199,1,0,1:0:0:0:
448,0,16199,1,0,1:0:0:0:
64,0,16349,1,0,1:0:0:0:
192,0,16349,1,0,1:0:0:0:
64,0,16499,1,0,1:0:0:0:
192,0,16499,1,0,1:0:0:0:
320,0,16499,1,0,1:0:0:0:
64,0,16799,1,0,1:0:0:0:
192,0,16799,1,0,1:0:0:0:
448,0,16799,1,0,1:0:0:0:
320,0,16949,1,0,1:0:0:0:
448,0,16949,1,0,1:0:0:0:
192,0,17099,1,0,1:0:0:0:
320,0,17099,1,0,1:0:0:0:
448,0,17099,1,0,1:0:0:0:
64,0,17249,1,0,1:0:0:0:
192,0,17249,1,0,1:0:0:0:
64,0,17399,1,0,1:0:0:0:
320,0,17399,1,0,1:0:0:0:
448,0,17399,1,0,1:0:0:0:
192,0,17549,1,0,1:0:0:0:
320,0,17549,1,0,1:0:0:0:
64,0,17699,1,0,1:0:0:0:
192,0,17699,1,0,1:0:0:0:
320,0,17699,1,0,1:0:0:0:
64,0,17849,1,0,1:0:0:0:
192,0,17849,1,0,1:0:0:0:
448,0,17849,1,0,1:0:0:0:
192,0,17999,1,0,1:0:0:0:
320,0,17999,1,0,1:0:0:0:
448,0,17999,1,0,1:0:0:0:
64,0,18149,1,0,1:0:0:0:
192,0,18149,1,0,1:0:0:0:
320,0,18149,1,0,1:0:0:0:
64,0,18299,1,0,1:0:0:0:
192,0,18299,1,0,1:0:0:0:
320,0,18299,1,0,1:0:0:0:
64,0,18449,1,0,1:0:0:0:
320,0,18449,1,0,1:0:0:0:
448,0,18449,1,0,1:0:0:0:
64,0,18599,1,0,1:0:0:0:
192,0,18599,1,0,1:0:0:0:
448,0,18599,1,0,1:0:0:0:
320,0,18749,1,0,1:0:0:0:
448,0,18749,1,0,1:0:0:0:
192,0,18899,1,0,1:0:0:0:
320,0,18899,1,0,1:0:0:0:
448,0,18899,1,0,1:0:0:0:
64,0,19199,1,0,1:0:0:0:
320,0,19199,1,0,1:0:0:0:
448,0,19199,1,0,1:0:0:0:
64,0,19349,1,0,1:0:0:0:
192,0,19349,1,0,1:0:0:0:
320,0,19424,1,0,1:0:0:0:
448,0,19424,1,0,1:0:0:0:
64,0,19499,1,0,1:0:0:0:
192,0,19499,1,0,1:0:0:0:
320,0,19574,1,0,1:0:0:0:
448,0,19574,1,0,1:0:0:0:
64,0,19649,1,0,1:0:0:0:
192,0,19649,1,0,1:0:0:0:
320,0,19724,1,0,1:0:0:0:
64,0,19799,1,0,1:0:0:0:
192,0,19799,1,0,1:0:0:0:
448,0,19799,1,0,1:0:0:0:
64,0,19949,1,0,1:0:0:0:
192,0,19949,1,0,1:0:0:0:
192,0,20099,1,0,1:0:0:0:
320,0,20099,1,0,1:0:0:0:
448,0,20099,1,0,1:0:0:0:
64,0,20399,1,0,1:0:0:0:
192,0,20399,1,0,1:0:0:0:
448,0,20399,1,0,1:0:0:0:
64,0,20549,1,0,1:0:0:0:
192,0,20549,1,0,1:0:0:0:
64,0,20699,1,0,1:0:0:0:
320,0,20699,1,0,1:0:0:0:
448,0,20699,1,0,1:0:0:0:
192,0,20999,1,0,1:0:0:0:
320,0,20999,1,0,1:0:0:0:
448,0,20999,1,0,1:0:0:0:
320,0,21149,1,0,1:0:0:0:
448,0,21149,1,0,1:0:0:0:
64,0,21299,1,0,1:0:0:0:
192,0,21299,1,0,1:0:0:0:
320,0,21299,1,0,1:0:0:0:
64,0,21449,1,0,1:0:0:0:
192,0,21449,1,0,1:0:0:0:
64,0,21599,1,0,1:0:0:0:
192,0,21599,1,0,1:0:0:0:
448,0,21599,1,0,1:0:0:0:
320,0,21749,1,0,1:0:0:0:
448,0,21749,1,0,1:0:0:0:
64,0,21899,1,0,1:0:0:0:
192,0,21899,1,0,1:0:0:0:
448,0,21899,1,0,1:0:0:0:
64,0,22049,1,0,1:0:0:0:
192,0,22049,1,0,1:0:0:0:
192,0,22199,1,0,1:0:0:0:
320,0,22199,1,0,1:0:0:0:
448,0,22199,1,0,1:0:0:0:
320,0,22349,1,0,1:0:0:0:
448,0,22349,1,0,1:0:0:0:
192,0,22499,1,0,1:0:0:0:
320,0,22499,1,0,1:0:0:0:
448,0,22499,1,0,1:0:0:0:
64,0,22649,1,0,1:0:0:0:
192,0,22649,1,0,1:0:0:0:
64,0,22949,1,0,1:0:0:0:
320,0,22949,1,0,1:0:0:0:
448,0,22949,1,0,1:0:0:0:
64,0,23099,1,0,1:0:0:0:
192,0,23099,1,0,1:0:0:0:
320,0,23099,1,0,1:0:0:0:
192,0,23249,1,0,1:0:0:0:
320,0,23249,1,0,1:0:0:0:
448,0,23249,1,0,1:0:0:0:
64,0,23399,1,0,1:0:0:0:
192,0,23399,1,0,1:0:0:0:
320,0,23549,1,0,1:0:0:0:
448,0,23549,1,0,1:0:0:0:
64,0,23699,1,0,1:0:0:0:
192,0,23699,1,0,1:0:0:0:
448,0,23699,1,0,1:0:0:0:
64,0,23999,1,0,1:0:0:0:
320,0,23999,1,0,1:0:0:0:
448,0,23999,1,0,1:0:0:0:
64,0,24149,1,0,1:0:0:0:
192,0,24149,1,0,1:0:0:0:
320,0,24149,1,0,1:0:0:0:
192,0,24299,1,0,1:0:0:0:
320,0,24299,1,0,1:0:0:0:
448,0,24299,1,0,1:0:0:0:
64,0,24449,1,0,1:0:0:0:
192,0,24449,1,0,1:0:0:0:
64,0,24599,1,0,1:0:0:0:
320,0,24599,1,0,1:0:0:0:
448,0,24599,1,0,1:0:0:0:
320,0,24749,1,0,1:0:0:0:
448,0,24749,1,0,1:0:0:0:
64,0,24899,1,0,1:0:0:0:
192,0,24899,1,0,1:0:0:0:
320,0,24899,1,0,1:0:0:0:
64,0,25199,1,0,1:0:0:0:
192,0,25199,1,0,1:0:0:0:
448,0,25199,1,0,1:0:0:0:
64,0,25349,1,0,1:0:0:0:
192,0,25349,1,0,1:0:0:0:
320,0,25349,1,0,1:0:0:0:
192,0,25499,1,0,1:0:0:0:
320,0,25499,1,0,1:0:0:0:
448,0,25499,1,0,1:0:0:0:
64,0,25649,1,0,1:0:0:0:
192,0,25649,1,0,1:0:0:0:
64,0,25799,1,0,1:0:0:0:
192,0,25799,1,0,1:0:0:0:
320,0,25799,1,0,1:0:0:0:
320,0,25949,1,0,1:0:0:0:
448,0,25949,1,0,1:0:0:0:
192,0,26099,1,0,1:0:0:0:
320,0,26099,1,0,1:0:0:0:
448,0,26099,1,0,1:0:0:0:
64,0,26399,1,0,1:0:0:0:
192,0,26399,1,0,1:0:0:0:
448,0,26399,1,0,1:0:0:0:
64,0,26549,1,0,1:0:0:0:
192,0,26549,1,0,1:0:0:0:
192,0,26699,1,0,1:0:0:0:
320,0,26699,1,0,1:0:0:0:
448,0,26699,1,0,1:0:0:0:
320,0,26849,1,0,1:0:0:0:
448,0,26849,1,0,1:0:0:0:
64,0,26999,1,0,1:0:0:0:
192,0,26999,1,0,1:0:0:0:
448,0,26999,1,0,1:0:0:0:
64,0,27149,1,0,1:0:0:0:
192,0,27149,1,0,1:0:0:0:
64,0,27299,1,0,1:0:0:0:
192,0,27299,1,0,1:0:0:0:
320,0,27299,1,0,1:0:0:0:
192,0,27449,1,0,1:0:0:0:
320,0,27449,1,0,1:0:0:0:
448,0,27449,1,0,1:0:0:0:
320,0,27599,1,0,1:0:0:0:
448,0,27599,1,0,1:0:0:0:
64,0,27749,1,0,1:0:0:0:
192,0,27749,1,0,1:0:0:0:
320,0,27749,1,0,1:0:0:0:
64,0,27899,1,0,1:0:0:0:
192,0,27899,1,0,1:0:0:0:
448,0,27899,1,0,1:0:0:0:
64,0,28049,1,0,1:0:0:0:
320,0,28049,1,0,1:0:0:0:
448,0,28049,1,0,1:0:0:0:
64,0,28199,1,0,1:0:0:0:
192,0,28199,1,0,1:0:0:0:
320,0,28349,1,0,1:0:0:0:
448,0,28349,1,0,1:0:0:0:
64,0,28499,1,0,1:0:0:0:
320,0,28499,1,0,1:0:0:0:
448,0,28499,1,0,1:0:0:0:
320,0,28649,1,0,1:0:0:0:
448,0,28649,1,0,1:0:0:0:
64,0,28799,1,0,1:0:0:0:
192,0,28799,1,0,1:0:0:0:
320,0,28949,1,0,1:0:0:0:
448,0,28949,1,0,1:0:0:0:
64,0,29024,1,0,1:0:0:0:
192,0,29024,1,0,1:0:0:0:
320,0,29099,1,0,1:0:0:0:
448,0,29099,1,0,1:0:0:0:
64,0,29249,1,0,1:0:0:0:
192,0,29249,1,0,1:0:0:0:
320,0,29324,1,0,1:0:0:0:
448,0,29324,1,0,1:0:0:0:
64,0,29399,1,0,1:0:0:0:
192,0,29399,1,0,1:0:0:0:
64,0,29549,1,0,1:0:0:0:
192,0,29549,1,0,1:0:0:0:
320,0,29549,1,0,1:0:0:0:
64,0,29699,1,0,1:0:0:0:
192,0,29699,1,0,1:0:0:0:
448,0,29699,1,0,1:0:0:0:
64,0,29849,1,0,1:0:0:0:
320,0,29849,1,0,1:0:0:0:
448,0,29849,1,0,1:0:0:0:
64,0,29999,1,0,1:0:0:0:
320,0,29999,1,0,1:0:0:0:
448,0,29999,1,0,1:0:0:0:
64,0,30149,1,0,1:0:0:0:
192,0,30149,1,0,1:0:0:0:
448,0,30149,1,0,1:0:0:0:
64,0,30299,1,0,1:0:0:0:
192,0,30299,1,0,1:0:0:0:
320,0,30299,1,0,1:0:0:0:
192,0,30449,1,0,1:0:0:0:
320,0,30449,1,0,1:0:0:0:
448,0,30449,1,0,1:0:0:0:
64,0,30599,1,0,1:0:0:0:
192,0,30599,1,0,1:0:0:0:
448,0,30599,1,0,1:0:0:0:
64,0,30749,1,0,1:0:0:0:
192,0,30749,1,0,1:0:0:0:
320,0,30749,1,0,1:0:0:0:
192,0,30899,1,0,1:0:0:0:
320,0,30899,1,0,1:0:0:0:
448,0,30899,1,0,1:0:0:0:
320,0,31049,1,0,1:0:0:0:
448,0,31049,1,0,1:0:0:0:
64,0,31199,1,0,1:0:0:0:
192,0,31199,1,0,1:0:0:0:
448,0,31199,1,0,1:0:0:0:
64,0,31349,1,0,1:0:0:0:
192,0,31349,1,0,1:0:0:0:
192,0,31499,1,0,1:0:0:0:
320,0,31499,1,0,1:0:0:0:
448,0,31499,1,0,1:0:0:0:
192,0,31649,1,0,1:0:0:0:
320,0,31649,1,0,1:0:0:0:
448,0,31649,1,0,1:0:0:0:
64,0,31799,1,0,1:0:0:0:
192,0,31799,1,0,1:0:0:0:
448,0,31799,1,0,1:0:0:0:
64,0,31949,1,0,1:0:0:0:
192,0,31949,1,0,1:0:0:0:
64,0,32099,1,0,1:0:0:0:
192,0,32099,1,0,1:0:0:0:
448,0,32099,1,0,1:0:0:0:
320,0,32249,1,0,1:0:0:0:
448,0,32249,1,0,1:0:0:0:
192,0,32399,1,0,1:0:0:0:
320,0,32399,1,0,1:0:0:0:
448,0,32399,1,0,1:0:0:0:
64,0,32549,1,0,1:0:0:0:
192,0,32549,1,0,1:0:0:0:
320,0,32549,1,0,1:0:0:0:
64,0,32699,1,0,1:0:0:0:
320,0,32699,1,0,1:0:0:0:
448,0,32699,1,0,1:0:0:0:
192,0,32849,1,0,1:0:0:0:
320,0,32849,1,0,1:0:0:0:
448,0,32849,1,0,1:0:0:0:
64,0,32999,1,0,1:0:0:0:
192,0,32999,1,0,1:0:0:0:
320,0,32999,1,0,1:0:0:0:
64,0,33149,1,0,1:0:0:0:
192,0,33149,1,0,1:0:0:0:
64,0,33299,1,0,1:0:0:0:
320,0,33299,1,0,1:0:0:0:
448,0,33299,1,0,1:0:0:0:
320,0,33449,1,0,1:0:0:0:
448,0,33449,1,0,1:0:0:0:
192,0,33599,1,0,1:0:0:0:
320,0,33599,1,0,1:0:0:0:
448,0,33599,1,0,1:0:0:0:
64,0,33749,1,0,1:0:0:0:
64,0,33899,1,0,1:0:0:0:
192,0,33899,1,0,1:0:0:0:
320,0,33899,1,0,1:0:0:0:
320,0,34049,1,0,1:0:0:0:
64,0,34199,1,0,1:0:0:0:
192,0,34199,1,0,1:0:0:0:
320,0,34199,1,0,1:0:0:0:
64,0,34349,1,0,1:0:0:0:
192,0,34349,1,0,1:0:0:0:
448,0,34349,1,0,1:0:0:0:
192,0,34499,1,0,1:0:0:0:
320,0,34499,1,0,1:0:0:0:
448,0,34499,1,0,1:0:0:0:
64,0,34649,1,0,1:0:0:0:
192,0,34649,1,0,1:0:0:0:
448,0,34649,1,0,1:0:0:0:
64,0,34799,1,0,1:0:0:0:
320,0,34799,1,0,1:0:0:0:
448,0,34799,1,0,1:0:0:0:
64,0,34949,1,0,1:0:0:0:
192,0,34949,1,0,1:0:0:0:
320,0,34949,1,0,1:0:0:0:
64,0,35099,1,0,1:0:0:0:
192,0,35099,1,0,1:0:0:0:
320,0,35099,1,0,1:0:0:0:
192,0,35249,1,0,1:0:0:0:
320,0,35249,1,0,1:0:0:0:
448,0,35249,1,0,1:0:0:0:
64,0,35399,1,0,1:0:0:0:
192,0,35399,1,0,1:0:0:0:
448,0,35399,1,0,1:0:0:0:
64,0,35549,1,0,1:0:0:0:
192,0,35549,1,0,1:0:0:0:
320,0,35549,1,0,1:0:0:0:
192,0,35699,1,0,1:0:0:0:
320,0,35699,1,0,1:0:0:0:
448,0,35699,1,0,1:0:0:0:
320,0,35849,1,0,1:0:0:0:
448,0,35849,1,0,1:0:0:0:
64,0,35999,1,0,1:0:0:0:
192,0,35999,1,0,1:0:0:0:
448,0,35999,1,0,1:0:0:0:
64,0,36149,1,0,1:0:0:0:
192,0,36149,1,0,1:0:0:0:
192,0,36299,1,0,1:0:0:0:
320,0,36299,1,0,1:0:0:0:
448,0,36299,1,0,1:0:0:0:
64,0,36449,1,0,1:0:0:0:
192,0,36449,1,0,1:0:0:0:
448,0,36449,1,0,1:0:0:0:
64,0,36599,1,0,1:0:0:0:
192,0,36599,1,0,1:0:0:0:
320,0,36599,1,0,1:0:0:0:
320,0,36749,1,0,1:0:0:0:
448,0,36749,1,0,1:0:0:0:
64,0,36899,1,0,1:0:0:0:
192,0,36899,1,0,1:0:0:0:
448,0,36899,1,0,1:0:0:0:
64,0,37049,1,0,1:0:0:0:
192,0,37049,1,0,1:0:0:0:
320,0,37049,1,0,1:0:0:0:
192,0,37199,1,0,1:0:0:0:
320,0,37199,1,0,1:0:0:0:
448,0,37199,1,0,1:0:0:0:
320,0,37349,1,0,1:0:0:0:
448,0,37349,1,0,1:0:0:0:
64,0,37499,1,0,1:0:0:0:
192,0,37499,1,0,1:0:0:0:
448,0,37499,1,0,1:0:0:0:
320,0,37649,1,0,1:0:0:0:
192,0,37799,1,0,1:0:0:0:
320,0,37799,1,0,1:0:0:0:
448,0,37799,1,0,1:0:0:0:
64,0,37949,1,0,1:0:0:0:
192,0,37949,1,0,1:0:0:0:
64,0,38099,1,0,1:0:0:0:
192,0,38099,1,0,1:0:0:0:
320,0,38099,1,0,1:0:0:0:
64,0,38249,1,0,1:0:0:0:
320,0,38249,1,0,1:0:0:0:
448,0,38249,1,0,1:0:0:0:
64,0,38399,1,0,1:0:0:0:
192,0,38399,1,0,1:0:0:0:
448,0,38399,1,0,1:0:0:0:
320,0,38549,1,0,1:0:0:0:
448,0,38549,1,0,1:0:0:0:
192,0,38699,1,0,1:0:0:0:
320,0,38699,1,0,1:0:0:0:
448,0,38699,1,0,1:0:0:0:
192,0,38849,1,0,1:0:0:0:
320,0,38849,1,0,1:0:0:0:
64,0,38999,1,0,1:0:0:0:
192,0,38999,1,0,1:0:0:0:
448,0,38999,1,0,1:0:0:0:
64,0,39149,1,0,1:0:0:0:
192,0,39149,1,0,1:0:0:0:
64,0,39299,1,0,1:0:0:0:
320,0,39299,1,0,1:0:0:0:
448,0,39299,1,0,1:0:0:0:
320,0,39449,1,0,1:0:0:0:
448,0,39449,1,0,1:0:0:0:
64,0,39599,1,0,1:0:0:0:
192,0,39599,1,0,1:0:0:0:
448,0,39599,1,0,1:0:0:0:
64,0,39749,1,0,1:0:0:0:
192,0,39749,1,0,1:0:0:0:
320,0,39749,1,0,1:0:0:0:
192,0,39899,1,0,1:0:0:0:
320,0,39899,1,0,1:0:0:0:
448,0,39899,1,0,1:0:0:0:
64,0,40049,1,0,1:0:0:0:
192,0,40049,1,0,1:0:0:0:
320,0,40049,1,0,1:0:0:0:
64,0,40199,1,0,1:0:0:0:
192,0,40199,1,0,1:0:0:0:
448,0,40199,1,0,1:0:0:0:
320,0,40349,1,0,1:0:0:0:
448,0,40349,1,0,1:0:0:0:
192,0,40499,1,0,1:0:0:0:
320,0,40499,1,0,1:0:0:0:
448,0,40499,1,0,1:0:0:0:
64,0,40649,1,0,1:0:0:0:
192,0,40649,1,0,1:0:0:0:
64,0,40799,1,0,1:0:0:0:
192,0,40799,1,0,1:0:0:0:
320,0,40799,1,0,1:0:0:0:
320,0,40949,1,0,1:0:0:0:
448,0,40949,1,0,1:0:0:0:
64,0,41099,1,0,1:0:0:0:
192,0,41099,1,0,1:0:0:0:
448,0,41099,1,0,1:0:0:0:
64,0,41249,1,0,1:0:0:0:
192,0,41399,1,0,1:0:0:0:
320,0,41399,1,0,1:0:0:0:
448,0,41399,1,0,1:0:0:0:
320,0,41549,1,0,1:0:0:0:
448,0,41549,1,0,1:0:0:0:
64,0,41699,1,0,1:0:0:0:
320,0,41699,1,0,1:0:0:0:
448,0,41699,1,0,1:0:0:0:
64,0,41849,1,0,1:0:0:0:
192,0,41849,1,0,1:0:0:0:
64,0,41999,1,0,1:0:0:0:
192,0,41999,1,0,1:0:0:0:
320,0,41999,1,0,1:0:0:0:
320,0,42149,1,0,1:0:0:0:
448,0,42149,1,0,1:0:0:0:
64,0,42299,1,0,1:0:0:0:
192,0,42299,1,0,1:0:0:0:
448,0,42299,1,0,1:0:0:0:
64,0,42449,1,0,1:0:0:0:
192,0,42449,1,0,1:0:0:0:
192,0,42599,1,0,1:0:0:0:
320,0,42599,1,0,1:0:0:0:
448,0,42599,1,0,1:0:0:0:
320,0,42749,1,0,1:0:0:0:
448,0,42749,1,0,1:0:0:0:
64,0,42899,1,0,1:0:0:0:
192,0,42899,1,0,1:0:0:0:
320,0,42974,1,0,1:0:0:0:
448,0,42974,1,0,1:0:0:0:
64,0,43049,1,0,1:0:0:0:
192,0,43049,1,0,1:0:0:0:
320,0,43124,1,0,1:0:0:0:
448,0,43124,1,0,1:0:0:0:
64,0,43199,1,0,1:0:0:0:
192,0,43199,1,0,1:0:0:0:
320,0,43274,1,0,1:0:0:0:
448,0,43274,1,0,1:0:0:0:
64,0,43349,1,0,1:0:0:0:
192,0,43349,1,0,1:0:0:0:
320,0,43424,1,0,1:0:0:0:
448,0,43424,1,0,1:0:0:0:
64,0,43499,1,0,1:0:0:0:
192,0,43499,1,0,1:0:0:0:
320,0,43574,1,0,1:0:0:0:
448,0,43574,1,0,1:0:0:0:
64,0,43649,1,0,1:0:0:0:
192,0,43649,1,0,1:0:0:0:
320,0,43724,1,0,1:0:0:0:
64,0,43799,1,0,1:0:0:0:
192,0,43799,1,0,1:0:0:0:
448,0,43799,1,0,1:0:0:0:
64,0,43949,1,0,1:0:0:0:
192,0,43949,1,0,1:0:0:0:
64,0,44099,1,0,1:0:0:0:
192,0,44099,1,0,1:0:0:0:
320,0,44099,1,0,1:0:0:0:
448,0,44099,1,0,1:0:0:0:
320,0,44249,1,0,1:0:0:0:
448,0,44249,1,0,1:0:0:0:
64,0,44399,1,0,1:0:0:0:
192,0,44399,1,0,1:0:0:0:
320,0,44399,1,0,1:0:0:0:
448,0,44399,1,0,1:0:0:0:
64,0,44549,1,0,1:0:0:0:
192,0,44549,1,0,1:0:0:0:
64,0,44699,1,0,1:0:0:0:
192,0,44699,1,0,1:0:0:0:
320,0,44699,1,0,1:0:0:0:
448,0,44699,1,0,1:0:0:0:
64,0,44849,1,0,1:0:0:0:
192,0,44849,1,0,1:0:0:0:
320,0,44849,1,0,1:0:0:0:
448,0,44849,1,0,1:0:0:0:
320,0,44999,1,0,1:0:0:0:
448,0,44999,1,0,1:0:0:0:
64,0,45149,1,0,1:0:0:0:
192,0,45149,1,0,1:0:0:0:
320,0,45149,1,0,1:0:0:0:
448,0,45149,1,0,1:0:0:0:
64,0,45299,1,0,1:0:0:0:
192,0,45299,1,0,1:0:0:0:
64,0,45449,1,0,1:0:0:0:
192,0,45449,1,0,1:0:0:0:
320,0,45449,1,0,1:0:0:0:
448,0,45449,1,0,1:0:0:0:
192,0,45599,1,0,1:0:0:0:
320,0,45599,1,0,1:0:0:0:
64,0,45749,1,0,1:0:0:0:
192,0,45749,1,0,1:0:0:0:
320,0,45749,1,0,1:0:0:0:
448,0,45749,1,0,1:0:0:0:
64,0,45899,1,0,1:0:0:0:
192,0,45899,1,0,1:0:0:0:
320,0,45899,1,0,1:0:0:0:
448,0,45899,1,0,1:0:0:0:
64,0,46049,1,0,1:0:0:0:
192,0,46049,1,0,1:0:0:0:
320,0,46049,1,0,1:0:0:0:
448,0,46049,1,0,1:0:0:0:
64,0,46199,1,0,1:0:0:0:
192,0,46199,1,0,1:0:0:0:
320,0,46199,1,0,1:0:0:0:
448,0,46199,1,0,1:0:0:0:
64,0,46349,1,0,1:0:0:0:
192,0,46349,1,0,1:0:0:0:
64,0,46499,1,0,1:0:0:0:
192,0,46499,1,0,1:0:0:0:
320,0,46499,1,0,1:0:0:0:
448,0,46499,1,0,1:0:0:0:
320,0,46649,1,0,1:0:0:0:
448,0,46649,1,0,1:0:0:0:
64,0,46799,1,0,1:0:0:0:
192,0,46799,1,0,1:0:0:0:
320,0,46799,1,0,1:0:0:0:
448,0,46799,1,0,1:0:0:0:
64,0,46949,1,0,1:0:0:0:
192,0,46949,1,0,1:0:0:0:
64,0,47099,1,0,1:0:0:0:
192,0,47099,1,0,1:0:0:0:
320,0,47099,1,0,1:0:0:0:
448,0,47099,1,0,1:0:0:0:
64,0,47249,1,0,1:0:0:0:
192,0,47249,1,0,1:0:0:0:
320,0,47249,1,0,1:0:0:0:
448,0,47249,1,0,1:0:0:0:
192,0,47399,1,0,1:0:0:0:
320,0,47399,1,0,1:0:0:0:
64,0,47549,1,0,1:0:0:0:
192,0,47549,1,0,1:0:0:0:
320,0,47549,1,0,1:0:0:0:
448,0,47549,1,0,1:0:0:0:
64,0,47699,1,0,1:0:0:0:
192,0,47699,1,0,1:0:0:0:
320,0,47849,1,0,1:0:0:0:
448,0,47849,1,0,1:0:0:0:
64,0,47999,1,0,1:0:0:0:
192,0,47999,1,0,1:0:0:0:
320,0,47999,1,0,1:0:0:0:
448,0,47999,1,0,1:0:0:0:
64,0,48149,1,0,1:0:0:0:
192,0,48149,1,0,1:0:0:0:
64,0,48299,1,0,1:0:0:0:
192,0,48299,1,0,1:0:0:0:
320,0,48299,1,0,1:0:0:0:
448,0,48299,1,0,1:0:0:0:
192,0,48449,1,0,1:0:0:0:
320,0,48449,1,0,1:0:0:0:
64,0,48599,1,0,1:0:0:0:
192,0,48599,1,0,1:0:0:0:
320,0,48599,1,0,1:0:0:0:
448,0,48599,1,0,1:0:0:0:
320,0,48749,1,0,1:0:0:0:
448,0,48749,1,0,1:0:0:0:
64,0,48899,1,0,1:0:0:0:
192,0,48899,1,0,1:0:0:0:
320,0,48899,1,0,1:0:0:0:
448,0,48899,1,0,1:0:0:0:
64,0,49049,1,0,1:0:0:0:
192,0,49049,1,0,1:0:0:0:
320,0,49199,1,0,1:0:0:0:
448,0,49199,1,0,1:0:0:0:
320,0,49349,1,0,1:0:0:0:
448,0,49349,1,0,1:0:0:0:
64,0,49499,1,0,1:0:0:0:
192,0,49499,1,0,1:0:0:0:
320,0,49499,1,0,1:0:0:0:
448,0,49499,1,0,1:0:0:0:
64,0,49649,1,0,1:0:0:0:
192,0,49649,1,0,1:0:0:0:
64,0,49799,1,0,1:0:0:0:
192,0,49799,1,0,1:0:0:0:
320,0,49799,1,0,1:0:0:0:
448,0,49799,1,0,1:0:0:0:
64,0,49949,1,0,1:0:0:0:
192,0,49949,1,0,1:0:0:0:
320,0,49949,1,0,1:0:0:0:
448,0,49949,1,0,1:0:0:0:
64,0,50099,1,0,1:0:0:0:
192,0,50099,1,0,1:0:0:0:
320,0,50099,1,0,1:0:0:0:
448,0,50099,1,0,1:0:0:0:
64,0,50249,1,0,1:0:0:0:
192,0,50249,1,0,1:0:0:0:
320,0,50249,1,0,1:0:0:0:
448,0,50249,1,0,1:0:0:0:
320,0,50399,1,0,1:0:0:0:
448,0,50399,1,0,1:0:0:0:
64,0,50549,1,0,1:0:0:0:
192,0,50549,1,0,1:0:0:0:
320,0,50549,1,0,1:0:0:0:
448,0,50549,1,0,1:0:0:0:
192,0,50699,1,0,1:0:0:0:
320,0,50699,1,0,1:0:0:0:
64,0,50849,1,0,1:0:0:0:
192,0,50849,1,0,1:0:0:0:
320,0,50849,1,0,1:0:0:0:
448,0,50849,1,0,1:0:0:0:
64,0,50999,1,0,1:0:0:0:
192,0,50999,1,0,1:0:0:0:
320,0,51149,1,0,1:0:0:0:
448,0,51149,1,0,1:0:0:0:
64,0,51299,1,0,1:0:0:0:
192,0,51299,1,0,1:0:0:0:
320,0,51299,1,0,1:0:0:0:
64,0,51449,1,0,1:0:0:0:
192,0,51449,1,0,1:0:0:0:
64,0,51599,1,0,1:0:0:0:
320,0,51599,1,0,1:0:0:0:
448,0,51599,1,0,1:0:0:0:
192,0,51749,1,0,1:0:0:0:
320,0,51749,1,0,1:0:0:0:
64,0,51899,1,0,1:0:0:0:
192,0,51899,1,0,1:0:0:0:
320,0,51899,1,0,1:0:0:0:
448,0,51899,1,0,1:0:0:0:
64,0,52049,1,0,1:0:0:0:
192,0,52049,1,0,1:0:0:0:
64,0,52199,1,0,1:0:0:0:
192,0,52199,1,0,1:0:0:0:
320,0,52199,1,0,1:0:0:0:
448,0,52199,1,0,1:0:0:0:
64,0,52349,1,0,1:0:0:0:
192,0,52349,1,0,1:0:0:0:
320,0,52349,1,0,1:0:0:0:
448,0,52349,1,0,1:0:0:0:
320,0,52499,1,0,1:0:0:0:
448,0,52499,1,0,1:0:0:0:
64,0,52649,1,0,1:0:0:0:
192,0,52649,1,0,1:0:0:0:
320,0,52649,1,0,1:0:0:0:
448,0,52649,1,0,1:0:0:0:
64,0,52799,1,0,1:0:0:0:
192,0,52799,1,0,1:0:0:0:
192,0,52949,1,0,1:0:0:0:
320,0,52949,1,0,1:0:0:0:
448,0,52949,1,0,1:0:0:0:
192,0,53099,1,0,1:0:0:0:
320,0,53099,1,0,1:0:0:0:
448,0,53099,1,0,1:0:0:0:
64,0,53399,1,0,1:0:0:0:
192,0,53399,1,0,1:0:0:0:
320,0,53399,1,0,1:0:0:0:
448,0,53399,1,0,1:0:0:0:
64,0,53549,1,0,1:0:0:0:
192,0,53549,1,0,1:0:0:0:
64,0,53699,1,0,1:0:0:0:
192,0,53699,1,0,1:0:0:0:
320,0,53699,1,0,1:0:0:0:
448,0,53699,1,0,1:0:0:0:
320,0,53849,1,0,1:0:0:0:
448,0,53849,1,0,1:0:0:0:
64,0,53999,1,0,1:0:0:0:
192,0,53999,1,0,1:0:0:0:
320,0,53999,1,0,1:0:0:0:
448,0,53999,1,0,1:0:0:0:
192,0,54149,1,0,1:0:0:0:
320,0,54149,1,0,1:0:0:0:
64,0,54299,1,0,1:0:0:0:
192,0,54299,1,0,1:0:0:0:
320,0,54299,1,0,1:0:0:0:
448,0,54299,1,0,1:0:0:0:
64,0,54449,1,0,1:0:0:0:
192,0,54449,1,0,1:0:0:0:
320,0,54449,1,0,1:0:0:0:
448,0,54449,1,0,1:0:0:0:
64,0,54599,1,0,1:0:0:0:
192,0,54599,1,0,1:0:0:0:
64,0,54749,1,0,1:0:0:0:
192,0,54749,1,0,1:0:0:0:
320,0,54749,1,0,1:0:0:0:
448,0,54749,1,0,1:0:0:0:
320,0,54899,1,0,1:0:0:0:
448,0,54899,1,0,1:0:0:0:
64,0,55049,1,0,1:0:0:0:
192,0,55049,1,0,1:0:0:0:
320,0,55049,1,0,1:0:0:0:
448,0,55049,1,0,1:0:0:0:
192,0,55199,1,0,1:0:0:0:
320,0,55199,1,0,1:0:0:0:
64,0,55349,1,0,1:0:0:0:
192,0,55349,1,0,1:0:0:0:
320,0,55349,1,0,1:0:0:0:
448,0,55349,1,0,1:0:0:0:
64,0,55499,1,0,1:0:0:0:
192,0,55499,1,0,1:0:0:0:
320,0,55499,1,0,1:0:0:0:
448,0,55499,1,0,1:0:0:0:
64,0,55649,1,0,1:0:0:0:
192,0,55649,1,0,1:0:0:0:
320,0,55649,1,0,1:0:0:0:
448,0,55649,1,0,1:0:0:0:
64,0,55799,1,0,1:0:0:0:
192,0,55799,1,0,1:0:0:0:
320,0,55799,1,0,1:0:0:0:
448,0,55799,1,0,1:0:0:0:
320,0,55949,1,0,1:0:0:0:
448,0,55949,1,0,1:0:0:0:
64,0,56099,1,0,1:0:0:0:
192,0,56099,1,0,1:0:0:0:
320,0,56099,1,0,1:0:0:0:
448,0,56099,1,0,1:0:0:0:
64,0,56249,1,0,1:0:0:0:
192,0,56249,1,0,1:0:0:0:
64,0,56399,1,0,1:0:0:0:
192,0,56399,1,0,1:0:0:0:
320,0,56399,1,0,1:0:0:0:
448,0,56399,1,0,1:0:0:0:
192,0,56549,1,0,1:0:0:0:
320,0,56549,1,0,1:0:0:0:
64,0,56699,1,0,1:0:0:0:
192,0,56699,1,0,1:0:0:0:
320,0,56699,1,0,1:0:0:0:
448,0,56699,1,0,1:0:0:0:
64,0,56849,1,0,1:0:0:0:
192,0,56849,1,0,1:0:0:0:
320,0,56849,1,0,1:0:0:0:
448,0,56849,1,0,1:0:0:0:
64,0,56999,1,0,1:0:0:0:
192,0,56999,1,0,1:0:0:0:
64,0,57149,1,0,1:0:0:0:
192,0,57149,1,0,1:0:0:0:
320,0,57149,1,0,1:0:0:0:
448,0,57149,1,0,1:0:0:0:
192,0,57299,1,0,1:0:0:0:
320,0,57299,1,0,1:0:0:0:
448,0,57299,1,0,1:0:0:0:
320,0,57449,1,0,1:0:0:0:
448,0,57449,1,0,1:0:0:0:
64,0,57599,1,0,1:0:0:0:
192,0,57599,1,0,1:0:0:0:
320,0,57599,1,0,1:0:0:0:
448,0,57599,1,0,1:0:0:0:
64,0,57749,1,0,1:0:0:0:
192,0,57749,1,0,1:0:0:0:
64,0,57899,1,0,1:0:0:0:
192,0,57899,1,0,1:0:0:0:
320,0,57899,1,0,1:0:0:0:
448,0,57899,1,0,1:0:0:0:
320,0,58049,1,0,1:0:0:0:
448,0,58049,1,0,1:0:0:0:
64,0,58199,1,0,1:0:0:0:
192,0,58199,1,0,1:0:0:0:
320,0,58199,1,0,1:0:0:0:
448,0,58199,1,0,1:0:0:0:
192,0,58349,1,0,1:0:0:0:
320,0,58349,1,0,1:0:0:0:
64,0,58499,1,0,1:0:0:0:
192,0,58499,1,0,1:0:0:0:
448,0,58499,1,0,1:0:0:0:
64,0,58649,1,0,1:0:0:0:
192,0,58649,1,0,1:0:0:0:
192,0,58799,1,0,1:0:0:0:
320,0,58799,1,0,1:0:0:0:
320,0,58949,1,0,1:0:0:0:
448,0,58949,1,0,1:0:0:0:
192,0,59099,1,0,1:0:0:0:
320,0,59099,1,0,1:0:0:0:
448,0,59099,1,0,1:0:0:0:
64,0,59249,1,0,1:0:0:0:
192,0,59249,1,0,1:0:0:0:
64,0,59399,1,0,1:0:0:0:
192,0,59399,1,0,1:0:0:0:
320,0,59399,1,0,1:0:0:0:
448,0,59399,1,0,1:0:0:0:
64,0,59549,1,0,1:0:0:0:
192,0,59549,1,0,1:0:0:0:
320,0,59549,1,0,1:0:0:0:
448,0,59549,1,0,1:0:0:0:
64,0,59699,1,0,1:0:0:0:
320,0,59699,1,0,1:0:0:0:
448,0,59699,1,0,1:0:0:0:
64,0,59849,1,0,1:0:0:0:
192,0,59849,1,0,1:0:0:0:
320,0,59849,1,0,1:0:0:0:
448,0,59849,1,0,1:0:0:0:
192,0,59999,1,0,1:0:0:0:
320,0,59999,1,0,1:0:0:0:
64,0,60149,1,0,1:0:0:0:
192,0,60149,1,0,1:0:0:0:
320,0,60149,1,0,1:0:0:0:
448,0,60149,1,0,1:0:0:0:
64,0,60299,1,0,1:0:0:0:
192,0,60299,1,0,1:0:0:0:
448,0,60299,1,0,1:0:0:0:
64,0,60449,1,0,1:0:0:0:
192,0,60449,1,0,1:0:0:0:
64,0,60599,1,0,1:0:0:0:
192,0,60599,1,0,1:0:0:0:
320,0,60599,1,0,1:0:0:0:
448,0,60599,1,0,1:0:0:0:
192,0,60749,1,0,1:0:0:0:
320,0,60749,1,0,1:0:0:0:
192,0,60899,1,0,1:0:0:0:
320,0,60899,1,0,1:0:0:0:
448,0,60899,1,0,1:0:0:0:
320,0,61049,1,0,1:0:0:0:
448,0,61049,1,0,1:0:0:0:
64,0,61199,1,0,1:0:0:0:
192,0,61199,1,0,1:0:0:0:
64,0,61349,1,0,1:0:0:0:
192,0,61349,1,0,1:0:0:0:
64,0,61499,1,0,1:0:0:0:
192,0,61499,1,0,1:0:0:0:
320,0,61499,1,0,1:0:0:0:
448,0,61499,1,0,1:0:0:0:
320,0,61649,1,0,1:0:0:0:
448,0,61649,1,0,1:0:0:0:
64,0,61799,1,0,1:0:0:0:
192,0,61799,1,0,1:0:0:0:
320,0,61799,1,0,1:0:0:0:
448,0,61799,1,0,1:0:0:0:
64,0,61949,1,0,1:0:0:0:
192,0,61949,1,0,1:0:0:0:
320,0,61949,1,0,1:0:0:0:
448,0,61949,1,0,1:0:0:0:
64,0,62099,1,0,1:0:0:0:
192,0,62099,1,0,1:0:0:0:
320,0,62099,1,0,1:0:0:0:
448,0,62099,1,0,1:0:0:0:
64,0,62249,1,0,1:0:0:0:
192,0,62249,1,0,1:0:0:0:
320,0,62249,1,0,1:0:0:0:
448,0,62249,1,0,1:0:0:0:
192,0,62399,1,0,1:0:0:0:
320,0,62399,1,0,1:0:0:0:
448,0,62399,1,0,1:0:0:0:
64,0,62549,1,0,1:0:0:0:
192,0,62549,1,0,1:0:0:0:
64,0,62699,1,0,1:0:0:0:
192,0,62699,1,0,1:0:0:0:
320,0,62699,1,0,1:0:0:0:
64,0,62999,1,0,1:0:0:0:
192,0,62999,1,0,1:0:0:0:
320,0,62999,1,0,1:0:0:0:
448,0,62999,1,0,1:0:0:0:
192,0,63149,1,0,1:0:0:0:
320,0,63149,1,0,1:0:0:0:
448,0,63149,1,0,1:0:0:0:
64,0,63299,1,0,1:0:0:0:
192,0,63299,1,0,1:0:0:0:
320,0,63299,1,0,1:0:0:0:
448,0,63299,1,0,1:0:0:0:
64,0,63449,1,0,1:0:0:0:
192,0,63449,1,0,1:0:0:0:
64,0,63599,1,0,1:0:0:0:
192,0,63599,1,0,1:0:0:0:
320,0,63599,1,0,1:0:0:0:
448,0,63599,1,0,1:0:0:0:
64,0,63749,1,0,1:0:0:0:
320,0,63749,1,0,1:0:0:0:
448,0,63749,1,0,1:0:0:0:
64,0,63899,1,0,1:0:0:0:
192,0,63899,1,0,1:0:0:0:
320,0,63899,1,0,1:0:0:0:
448,0,63899,1,0,1:0:0:0:
64,0,64049,1,0,1:0:0:0:
192,0,64049,1,0,1:0:0:0:
320,0,64049,1,0,1:0:0:0:
64,0,64199,1,0,1:0:0:0:
192,0,64199,1,0,1:0:0:0:
320,0,64199,1,0,1:0:0:0:
448,0,64199,1,0,1:0:0:0:
64,0,64349,1,0,1:0:0:0:
192,0,64349,1,0,1:0:0:0:
448,0,64349,1,0,1:0:0:0:
64,0,64499,1,0,1:0:0:0:
192,0,64499,1,0,1:0:0:0:
320,0,64499,1,0,1:0:0:0:
448,0,64499,1,0,1:0:0:0:
320,0,64649,1,0,1:0:0:0:
448,0,64649,1,0,1:0:0:0:
64,0,64799,1,0,1:0:0:0:
192,0,64799,1,0,1:0:0:0:
320,0,64799,1,0,1:0:0:0:
448,0,64799,1,0,1:0:0:0:
64,0,64949,1,0,1:0:0:0:
192,0,64949,1,0,1:0:0:0:
64,0,65099,1,0,1:0:0:0:
192,0,65099,1,0,1:0:0:0:
320,0,65099,1,0,1:0:0:0:
448,0,65099,1,0,1:0:0:0:
64,0,65249,1,0,1:0:0:0:
192,0,65249,1,0,1:0:0:0:
320,0,65249,1,0,1:0:0:0:
64,0,65399,1,0,1:0:0:0:
192,0,65399,1,0,1:0:0:0:
320,0,65399,1,0,1:0:0:0:
448,0,65399,1,0,1:0:0:0:
320,0,65549,1,0,1:0:0:0:
448,0,65549,1,0,1:0:0:0:
64,0,65699,1,0,1:0:0:0:
192,0,65699,1,0,1:0:0:0:
320,0,65699,1,0,1:0:0:0:
448,0,65699,1,0,1:0:0:0:
64,0,65849,1,0,1:0:0:0:
192,0,65849,1,0,1:0:0:0:
64,0,65999,1,0,1:0:0:0:
192,0,65999,1,0,1:0:0:0:
320,0,65999,1,0,1:0:0:0:
448,0,65999,1,0,1:0:0:0:
64,0,66149,1,0,1:0:0:0:
192,0,66149,1,0,1:0:0:0:
448,0,66149,1,0,1:0:0:0:
64,0,66299,1,0,1:0:0:0:
192,0,66299,1,0,1:0:0:0:
320,0,66299,1,0,1:0:0:0:
448,0,66299,1,0,1:0:0:0:
320,0,66449,1,0,1:0:0:0:
448,0,66449,1,0,1:0:0:0:
64,0,66599,1,0,1:0:0:0:
192,0,66599,1,0,1:0:0:0:
320,0,66674,1,0,1:0:0:0:
448,0,66674,1,0,1:0:0:0:
64,0,66749,1,0,1:0:0:0:
192,0,66749,1,0,1:0:0:0:
320,0,66824,1,0,1:0:0:0:
448,0,66824,1,0,1:0:0:0:
64,0,66899,1,0,1:0:0:0:
192,0,66899,1,0,1:0:0:0:
64,0,67199,1,0,1:0:0:0:
192,0,67199,1,0,1:0:0:0:
320,0,67274,1,0,1:0:0:0:
448,0,67274,1,0,1:0:0:0:
64,0,67349,1,0,1:0:0:0:
192,0,67349,1,0,1:0:0:0:
320,0,67424,1,0,1:0:0:0:
64,0,67499,1,0,1:0:0:0:
192,0,67499,1,0,1:0:0:0:
448,0,67499,1,0,1:0:0:0:
64,0,67799,1,0,1:0:0:0:
192,0,67799,1,0,1:0:0:0:
320,0,67799,1,0,1:0:0:0:
448,0,67799,1,0,1:0:0:0:
320,0,67949,1,0,1:0:0:0:
448,0,67949,1,0,1:0:0:0:
64,0,68099,1,0,1:0:0:0:
192,0,68099,1,0,1:0:0:0:
320,0,68099,1,0,1:0:0:0:
448,0,68099,1,0,1:0:0:0:
64,0,68249,1,0,1:0:0:0:
192,0,68249,1,0,1:0:0:0:
320,0,68249,1,0,1:0:0:0:
64,0,68399,1,0,1:0:0:0:
192,0,68399,1,0,1:0:0:0:
320,0,68399,1,0,1:0:0:0:
448,0,68399,1,0,1:0:0:0:
64,0,68549,1,0,1:0:0:0:
192,0,68549,1,0,1:0:0:0:
448,0,68549,1,0,1:0:0:0:
64,0,68699,1,0,1:0:0:0:
192,0,68699,1,0,1:0:0:0:
320,0,68699,1,0,1:0:0:0:
448,0,68699,1,0,1:0:0:0:
192,0,68849,1,0,1:0:0:0:
320,0,68849,1,0,1:0:0:0:
448,0,68849,1,0,1:0:0:0:
64,0,68999,1,0,1:0:0:0:
192,0,68999,1,0,1:0:0:0:
320,0,68999,1,0,1:0:0:0:
448,0,68999,1,0,1:0:0:0:
64,0,69149,1,0,1:0:0:0:
192,0,69149,1,0,1:0:0:0:
320,0,69149,1,0,1:0:0:0:
64,0,69299,1,0,1:0:0:0:
192,0,69299,1,0,1:0:0:0:
320,0,69299,1,0,1:0:0:0:
448,0,69299,1,0,1:0:0:0:
320,0,69449,1,0,1:0:0:0:
448,0,69449,1,0,1:0:0:0:
64,0,69599,1,0,1:0:0:0:
192,0,69599,1,0,1:0:0:0:
320,0,69599,1,0,1:0:0:0:
448,0,69599,1,0,1:0:0:0:
64,0,69749,1,0,1:0:0:0:
192,0,69749,1,0,1:0:0:0:
320,0,69749,1,0,1:0:0:0:
64,0,69899,1,0,1:0:0:0:
192,0,69899,1,0,1:0:0:0:
320,0,69899,1,0,1:0:0:0:
448,0,69899,1,0,1:0:0:0:
64,0,70049,1,0,1:0:0:0:
192,0,70049,1,0,1:0:0:0:
64,0,70199,1,0,1:0:0:0:
192,0,70199,1,0,1:0:0:0:
320,0,70199,1,0,1:0:0:0:
448,0,70199,1,0,1:0:0:0:
320,0,70349,1,0,1:0:0:0:
448,0,70349,1,0,1:0:0:0:
64,0,70499,1,0,1:0:0:0:
192,0,70499,1,0,1:0:0:0:
320,0,70499,1,0,1:0:0:0:
448,0,70499,1,0,1:0:0:0:
64,0,70649,1,0,1:0:0:0:
192,0,70649,1,0,1:0:0:0:
320,0,70649,1,0,1:0:0:0:
64,0,70799,1,0,1:0:0:0:
192,0,70799,1,0,1:0:0:0:
320,0,70799,1,0,1:0:0:0:
448,0,70799,1,0,1:0:0:0:
64,0,70949,1,0,1:0:0:0:
320,0,70949,1,0,1:0:0:0:
448,0,70949,1,0,1:0:0:0:
64,0,71099,1,0,1:0:0:0:
192,0,71099,1,0,1:0:0:0:
320,0,71099,1,0,1:0:0:0:
448,0,71099,1,0,1:0:0:0:
320,0,71249,1,0,1:0:0:0:
448,0,71249,1,0,1:0:0:0:
64,0,71399,1,0,1:0:0:0:
192,0,71399,1,0,1:0:0:0:
320,0,71399,1,0,1:0:0:0:
64,0,71549,1,0,1:0:0:0:
192,0,71549,1,0,1:0:0:0:
320,0,71699,1,0,1:0:0:0:
448,0,71699,1,0,1:0:0:0:
64,0,71774,1,0,1:0:0:0:
192,0,71774,1,0,1:0:0:0:
320,0,71849,1,0,1:0:0:0:
448,0,71849,1,0,1:0:0:0:
64,0,71924,1,0,1:0:0:0:
192,0,71924,1,0,1:0:0:0:
320,0,71999,1,0,1:0:0:0:
448,0,71999,1,0,1:0:0:0:
64,0,72074,1,0,1:0:0:0:
192,0,72074,1,0,1:0:0:0:
320,0,72149,1,0,1:0:0:0:
448,0,72149,1,0,1:0:0:0:
64,0,72224,1,0,1:0:0:0:
192,0,72224,1,0,1:0:0:0:
320,0,72299,1,0,1:0:0:0:
448,0,72299,1,0,1:0:0:0:
64,0,72374,1,0,1:0:0:0:
192,0,72374,1,0,1:0:0:0:
320,0,72449,1,0,1:0:0:0:
448,0,72449,1,0,1:0:0:0:
192,0,72524,1,0,1:0:0:0:
64,0,72599,1,0,1:0:0:0:
320,0,72599,1,0,1:0:0:0:
448,0,72599,1,0,1:0:0:0:
64,0,72749,1,0,1:0:0:0:
192,0,72749,1,0,1:0:0:0:
320,0,72749,1,0,1:0:0:0:
448,0,72749,1,0,1:0:0:0:
64,0,72899,1,0,1:0:0:0:
192,0,72899,1,0,1:0:0:0:
320,0,72899,1,0,1:0:0:0:
448,0,72899,1,0,1:0:0:0:
320,0,73049,1,0,1:0:0:0:
448,0,73049,1,0,1:0:0:0:
64,0,73199,1,0,1:0:0:0:
192,0,73199,1,0,1:0:0:0:
320,0,73199,1,0,1:0:0:0:
448,0,73199,1,0,1:0:0:0:
64,0,73349,1,0,1:0:0:0:
192,0,73349,1,0,1:0:0:0:
320,0,73349,1,0,1:0:0:0:
448,0,73349,1,0,1:0:0:0:
64,0,73499,1,0,1:0:0:0:
192,0,73499,1,0,1:0:0:0:
320,0,73499,1,0,1:0:0:0:
448,0,73499,1,0,1:0:0:0:
64,0,73649,1,0,1:0:0:0:
192,0,73649,1,0,1:0:0:0:
320,0,73649,1,0,1:0:0:0:
448,0,73649,1,0,1:0:0:0:
64,0,73799,1,0,1:0:0:0:
192,0,73799,1,0,1:0:0:0:
64,0,73949,1,0,1:0:0:0:
192,0,73949,1,0,1:0:0:0:
320,0,73949,1,0,1:0:0:0:
448,0,73949,1,0,1:0:0:0:
64,0,74099,1,0,1:0:0:0:
192,0,74099,1,0,1:0:0:0:
320,0,74099,1,0,1:0:0:0:
448,0,74099,1,0,1:0:0:0:
192,0,74249,1,0,1:0:0:0:
320,0,74249,1,0,1:0:0:0:
64,0,74399,1,0,1:0:0:0:
192,0,74399,1,0,1:0:0:0:
320,0,74399,1,0,1:0:0:0:
448,0,74399,1,0,1:0:0:0:
320,0,74549,1,0,1:0:0:0:
448,0,74549,1,0,1:0:0:0:
64,0,74699,1,0,1:0:0:0:
192,0,74699,1,0,1:0:0:0:
320,0,74699,1,0,1:0:0:0:
448,0,74699,1,0,1:0:0:0:
64,0,74849,1,0,1:0:0:0:
192,0,74849,1,0,1:0:0:0:
320,0,74849,1,0,1:0:0:0:
448,0,74849,1,0,1:0:0:0:
64,0,74999,1,0,1:0:0:0:
192,0,74999,1,0,1:0:0:0:
320,0,74999,1,0,1:0:0:0:
448,0,74999,1,0,1:0:0:0:
64,0,75149,1,0,1:0:0:0:
192,0,75149,1,0,1:0:0:0:
64,0,75299,1,0,1:0:0:0:
192,0,75299,1,0,1:0:0:0:
320,0,75299,1,0,1:0:0:0:
448,0,75299,1,0,1:0:0:0:
320,0,75449,1,0,1:0:0:0:
448,0,75449,1,0,1:0:0:0:
64,0,75599,1,0,1:0:0:0:
192,0,75599,1,0,1:0:0:0:
320,0,75599,1,0,1:0:0:0:
448,0,75599,1,0,1:0:0:0:
64,0,75749,1,0,1:0:0:0:
192,0,75749,1,0,1:0:0:0:
320,0,75749,1,0,1:0:0:0:
448,0,75749,1,0,1:0:0:0:
64,0,75899,1,0,1:0:0:0:
192,0,75899,1,0,1:0:0:0:
320,0,75899,1,0,1:0:0:0:
448,0,75899,1,0,1:0:0:0:
64,0,76049,1,0,1:0:0:0:
192,0,76049,1,0,1:0:0:0:
320,0,76049,1,0,1:0:0:0:
448,0,76049,1,0,1:0:0:0:
64,0,76199,1,0,1:0:0:0:
192,0,76199,1,0,1:0:0:0:
320,0,76199,1,0,1:0:0:0:
320,0,76349,1,0,1:0:0:0:
448,0,76349,1,0,1:0:0:0:
64,0,76499,1,0,1:0:0:0:
192,0,76499,1,0,1:0:0:0:
448,0,76499,1,0,1:0:0:0:
192,0,76649,1,0,1:0:0:0:
320,0,76649,1,0,1:0:0:0:
192,0,76799,1,0,1:0:0:0:
320,0,76799,1,0,1:0:0:0:
448,0,76799,1,0,1:0:0:0:
64,0,76949,1,0,1:0:0:0:
192,0,76949,1,0,1:0:0:0:
320,0,77024,1,0,1:0:0:0:
448,0,77024,1,0,1:0:0:0:
64,0,77099,1,0,1:0:0:0:
192,0,77099,1,0,1:0:0:0:
320,0,77174,1,0,1:0:0:0:
448,0,77174,1,0,1:0:0:0:
64,0,77249,1,0,1:0:0:0:
192,0,77249,1,0,1:0:0:0:
320,0,77324,1,0,1:0:0:0:
64,0,77399,1,0,1:0:0:0:
192,0,77399,1,0,1:0:0:0:
448,0,77399,1,0,1:0:0:0:
64,0,77549,1,0,1:0:0:0:
192,0,77549,1,0,1:0:0:0:
320,0,77549,1,0,1:0:0:0:
448,0,77549,1,0,1:0:0:0:
64,0,77699,1,0,1:0:0:0:
192,0,77699,1,0,1:0:0:0:
320,0,77699,1,0,1:0:0:0:
448,0,77699,1,0,1:0:0:0:
64,0,77849,1,0,1:0:0:0:
192,0,77849,1,0,1:0:0:0:
64,0,77999,1,0,1:0:0:0:
192,0,77999,1,0,1:0:0:0:
320,0,77999,1,0,1:0:0:0:
448,0,77999,1,0,1:0:0:0:
64,0,78149,1,0,1:0:0:0:
192,0,78149,1,0,1:0:0:0:
320,0,78149,1,0,1:0:0:0:
448,0,78149,1,0,1:0:0:0:
64,0,78299,1,0,1:0:0:0:
192,0,78299,1,0,1:0:0:0:
320,0,78299,1,0,1:0:0:0:
448,0,78299,1,0,1:0:0:0:
64,0,78449,1,0,1:0:0:0:
192,0,78449,1,0,1:0:0:0:
320,0,78449,1,0,1:0:0:0:
448,0,78449,1,0,1:0:0:0:
320,0,78599,1,0,1:0:0:0:
448,0,78599,1,0,1:0:0:0:
64,0,78749,1,0,1:0:0:0:
192,0,78749,1,0,1:0:0:0:
320,0,78749,1,0,1:0:0:0:
448,0,78749,1,0,1:0:0:0:
64,0,78899,1,0,1:0:0:0:
192,0,78899,1,0,1:0:0:0:
320,0,78899,1,0,1:0:0:0:
448,0,78899,1,0,1:0:0:0:
192,0,79049,1,0,1:0:0:0:
320,0,79049,1,0,1:0:0:0:
64,0,79199,1,0,1:0:0:0:
192,0,79199,1,0,1:0:0:0:
320,0,79199,1,0,1:0:0:0:
448,0,79199,1,0,1:0:0:0:
64,0,79349,1,0,1:0:0:0:
192,0,79349,1,0,1:0:0:0:
64,0,79499,1,0,1:0:0:0:
192,0,79499,1,0,1:0:0:0:
320,0,79499,1,0,1:0:0:0:
448,0,79499,1,0,1:0:0:0:
64,0,79649,1,0,1:0:0:0:
192,0,79649,1,0,1:0:0:0:
320,0,79649,1,0,1:0:0:0:
448,0,79649,1,0,1:0:0:0:
64,0,79799,1,0,1:0:0:0:
192,0,79799,1,0,1:0:0:0:
320,0,79799,1,0,1:0:0:0:
448,0,79799,1,0,1:0:0:0:
64,0,80099,1,0,1:0:0:0:
320,0,80099,1,0,1:0:0:0:
448,0,80099,1,0,1:0:0:0:
64,0,80399,1,0,1:0:0:0:
192,0,80399,1,0,1:0:0:0:
448,0,80399,1,0,1:0:0:0:
64,0,80549,1,0,1:0:0:0:
320,0,80549,1,0,1:0:0:0:
448,0,80549,1,0,1:0:0:0:
192,0,80849,1,0,1:0:0:0:
320,0,80849,1,0,1:0:0:0:
448,0,80849,1,0,1:0:0:0:
320,0,81149,1,0,1:0:0:0:
448,0,81149,1,0,1:0:0:0:
320,0,81299,1,0,1:0:0:0:
448,0,81299,1,0,1:0:0:0:
320,0,81449,1,0,1:0:0:0:
448,0,81449,1,0,1:0:0:0:
320,0,81599,1,0,1:0:0:0:
448,0,81599,1,0,1:0:0:0:
64,0,81749,1,0,1:0:0:0:
192,0,81749,1,0,1:0:0:0:
320,0,81824,1,0,1:0:0:0:
448,0,81824,1,0,1:0:0:0:
64,0,81899,1,0,1:0:0:0:
192,0,81899,1,0,1:0:0:0:
320,0,81974,1,0,1:0:0:0:
448,0,81974,1,0,1:0:0:0:
64,0,82049,1,0,1:0:0:0:
192,0,82049,1,0,1:0:0:0:
320,0,82124,1,0,1:0:0:0:
64,0,82199,1,0,1:0:0:0:
192,0,82199,1,0,1:0:0:0:
448,0,82199,1,0,1:0:0:0:
320,0,82349,1,0,1:0:0:0:
448,0,82349,1,0,1:0:0:0:
64,0,82499,1,0,1:0:0:0:
192,0,82499,1,0,1:0:0:0:
320,0,82499,1,0,1:0:0:0:
64,0,82649,1,0,1:0:0:0:
192,0,82649,1,0,1:0:0:0:
320,0,82949,1,0,1:0:0:0:
448,0,82949,1,0,1:0:0:0:
192,0,83099,1,0,1:0:0:0:
320,0,83099,1,0,1:0:0:0:
448,0,83099,1,0,1:0:0:0:
320,0,83399,1,0,1:0:0:0:
448,0,83399,1,0,1:0:0:0:
64,0,83549,1,0,1:0:0:0:
192,0,83549,1,0,1:0:0:0:
64,0,83699,1,0,1:0:0:0:
192,0,83699,1,0,1:0:0:0:
320,0,83699,1,0,1:0:0:0:
320,0,83849,1,0,1:0:0:0:
448,0,83849,1,0,1:0:0:0:
192,0,83999,1,0,1:0:0:0:
320,0,83999,1,0,1:0:0:0:
320,0,84149,1,0,1:0:0:0:
448,0,84149,1,0,1:0:0:0:
64,0,84299,1,0,1:0:0:0:
192,0,84299,1,0,1:0:0:0:
448,0,84299,1,0,1:0:0:0:
64,0,84449,1,0,1:0:0:0:
192,0,84449,1,0,1:0:0:0:
192,0,84599,1,0,1:0:0:0:
320,0,84599,1,0,1:0:0:0:
448,0,84599,1,0,1:0:0:0:
64,0,84749,1,0,1:0:0:0:
192,0,84749,1,0,1:0:0:0:
320,0,84749,1,0,1:0:0:0:
64,0,84899,1,0,1:0:0:0:
192,0,84899,1,0,1:0:0:0:
320,0,84899,1,0,1:0:0:0:
320,0,85049,1,0,1:0:0:0:
448,0,85049,1,0,1:0:0:0:
64,0,85199,1,0,1:0:0:0:
192,0,85199,1,0,1:0:0:0:
448,0,85199,1,0,1:0:0:0:
192,0,85349,1,0,1:0:0:0:
320,0,85349,1,0,1:0:0:0:
64,0,85499,128,0,88499:0:0:0:0:
192,0,85499,128,0,88499:0:0:0:0:
320,0,85499,128,0,88499:0:0:0:0:
