osu file format v14

[General]
AudioFilename: Jackhammer Madness 2.mp3
AudioLeadIn: 2
PreviewTime: 30000
Countdown: 0
SampleSet: None
StackLeniency: 0.7
Mode: 3
LetterboxInBreaks: 0
SpecialStyle: 0
WidescreenStoryboard: 0

[Editor]
DistanceSpacing: 0.8
BeatDivisor: 4
GridSize: 8
TimelineZoom: 1

[Metadata]
Title:Vibro Collection 2
TitleUnicode:
Artist:
ArtistUnicode:
Creator:step mania
Version:Jackhammer Madness 2
Source:Stepmania
Tags:Stepmania
BeatmapID:1240840
BeatmapSetID:585830

[Difficulty]
HPDrainRate:5
CircleSize:4
OverallDifficulty:7
ApproachRate:10
SliderMultiplier:1.4
SliderTickRate:1

[Events]
//Background and Video events
0,0,"j.jpg",0,0
//Break Periods
//Storyboard Layer 0 (Background)
//Storyboard Layer 1 (Fail)
//Storyboard Layer 2 (Pass)
//Storyboard Layer 3 (Foreground)
//Storyboard Sound Samples

[TimingPoints]
0,300,4,1,0,15,1,0


[HitObjects]
448,192,0,5,0,0:0:0:0:
448,192,75,1,0,0:0:0:0:
448,192,150,1,0,0:0:0:0:
448,192,225,1,0,0:0:0:0:
448,192,300,1,0,0:0:0:0:
448,192,375,1,0,0:0:0:0:
448,192,450,1,0,0:0:0:0:
448,192,525,1,0,0:0:0:0:
448,192,600,1,0,0:0:0:0:
448,192,675,1,0,0:0:0:0:
448,192,750,1,0,0:0:0:0:
448,192,825,1,0,0:0:0:0:
448,192,900,1,0,0:0:0:0:
448,192,975,1,0,0:0:0:0:
448,192,1050,1,0,0:0:0:0:
448,192,1125,1,0,0:0:0:0:
448,192,1200,1,0,0:0:0:0:
448,192,1275,1,0,0:0:0:0:
448,192,1350,1,0,0:0:0:0:
448,192,1425,1,0,0:0:0:0:
448,192,1500,1,0,0:0:0:0:
448,192,1575,1,0,0:0:0:0:
448,192,1650,1,0,0:0:0:0:
448,192,1725,1,0,0:0:0:0:
448,192,1800,1,0,0:0:0:0:
448,192,1875,1,0,0:0:0:0:
448,192,1950,1,0,0:0:0:0:
448,192,2025,1,0,0:0:0:0:
448,192,2100,1,0,0:0:0:0:
448,192,2175,1,0,0:0:0:0:
448,192,2250,1,0,0:0:0:0:
448,192,2325,1,0,0:0:0:0:
448,192,2400,1,0,0:0:0:0:
448,192,2475,1,0,0:0:0:0:
448,192,2550,1,0,0:0:0:0:
448,192,2625,1,0,0:0:0:0:
448,192,2700,1,0,0:0:0:0:
448,192,2775,1,0,0:0:0:0:
448,192,2850,1,0,0:0:0:0:
448,192,2925,1,0,0:0:0:0:
448,192,3000,1,0,0:0:0:0:
448,192,3075,1,0,0:0:0:0:
448,192,3150,1,0,0:0:0:0:
448,192,3225,1,0,0:0:0:0:
448,192,3300,1,0,0:0:0:0:
448,192,3375,1,0,0:0:0:0:
448,192,3450,1,0,0:0:0:0:
448,192,3525,1,0,0:0:0:0:
448,192,3600,1,0,0:0:0:0:
448,192,3675,1,0,0:0:0:0:
448,192,3750,1,0,0:0:0:0:
448,192,3825,1,0,0:0:0:0:
448,192,3900,1,0,0:0:0:0:
448,192,3975,1,0,0:0:0:0:
448,192,4050,1,0,0:0:0:0:
448,192,4125,1,0,0:0:0:0:
448,192,4200,1,0,0:0:0:0:
448,192,4275,1,0,0:0:0:0:
448,192,4350,1,0,0:0:0:0:
448,192,4425,1,0,0:0:0:0:
448,192,4500,1,0,0:0:0:0:
448,192,4575,1,0,0:0:0:0:
448,192,4650,1,0,0:0:0:0:
448,192,4725,1,0,0:0:0:0:
448,192,4800,1,0,0:0:0:0:
320,192,4837,1,0,0:0:0:0:
448,192,4875,1,0,0:0:0:0:
320,192,4912,1,0,0:0:0:0:
448,192,4950,1,0,0:0:0:0:
320,192,4987,1,0,0:0:0:0:
448,192,5025,1,0,0:0:0:0:
320,192,5062,1,0,0:0:0:0:
448,192,5100,1,0,0:0:0:0:
320,192,5137,1,0,0:0:0:0:
448,192,5175,1,0,0:0:0:0:
320,192,5212,1,0,0:0:0:0:
448,192,5250,1,0,0:0:0:0:
320,192,5287,1,0,0:0:0:0:
448,192,5325,1,0,0:0:0:0:
320,192,5362,1,0,0:0:0:0:
448,192,5400,1,0,0:0:0:0:
320,192,5437,1,0,0:0:0:0:
448,192,5475,1,0,0:0:0:0:
320,192,5512,1,0,0:0:0:0:
448,192,5550,1,0,0:0:0:0:
320,192,5587,1,0,0:0:0:0:
448,192,5625,1,0,0:0:0:0:
320,192,5662,1,0,0:0:0:0:
448,192,5700,1,0,0:0:0:0:
320,192,5737,1,0,0:0:0:0:
448,192,5775,1,0,0:0:0:0:
320,192,5812,1,0,0:0:0:0:
448,192,5850,1,0,0:0:0:0:
320,192,5887,1,0,0:0:0:0:
448,192,5925,1,0,0:0:0:0:
320,192,5962,1,0,0:0:0:0:
448,192,6000,1,0,0:0:0:0:
320,192,6037,1,0,0:0:0:0:
448,192,6075,1,0,0:0:0:0:
320,192,6112,1,0,0:0:0:0:
448,192,6150,1,0,0:0:0:0:
320,192,6187,1,0,0:0:0:0:
448,192,6225,1,0,0:0:0:0:
320,192,6262,1,0,0:0:0:0:
448,192,6300,1,0,0:0:0:0:
320,192,6337,1,0,0:0:0:0:
448,192,6375,1,0,0:0:0:0:
320,192,6412,1,0,0:0:0:0:
448,192,6450,1,0,0:0:0:0:
320,192,6487,1,0,0:0:0:0:
448,192,6525,1,0,0:0:0:0:
320,192,6562,1,0,0:0:0:0:
448,192,6600,1,0,0:0:0:0:
320,192,6637,1,0,0:0:0:0:
448,192,6675,1,0,0:0:0:0:
320,192,6712,1,0,0:0:0:0:
448,192,6750,1,0,0:0:0:0:
320,192,6787,1,0,0:0:0:0:
448,192,6825,1,0,0:0:0:0:
320,192,6862,1,0,0:0:0:0:
448,192,6900,1,0,0:0:0:0:
320,192,6937,1,0,0:0:0:0:
448,192,6975,1,0,0:0:0:0:
320,192,7012,1,0,0:0:0:0:
448,192,7050,1,0,0:0:0:0:
320,192,7087,1,0,0:0:0:0:
448,192,7125,1,0,0:0:0:0:
320,192,7162,1,0,0:0:0:0:
64,192,7200,1,0,0:0:0:0:
192,192,7200,1,0,0:0:0:0:
448,192,7200,1,0,0:0:0:0:
320,192,7275,1,0,0:0:0:0:
320,192,7350,1,0,0:0:0:0:
320,192,7425,1,0,0:0:0:0:
320,192,7500,1,0,0:0:0:0:
320,192,7575,1,0,0:0:0:0:
320,192,7650,1,0,0:0:0:0:
320,192,7725,1,0,0:0:0:0:
320,192,7800,1,0,0:0:0:0:
320,192,7875,1,0,0:0:0:0:
320,192,7950,1,0,0:0:0:0:
320,192,8025,1,0,0:0:0:0:
320,192,8100,1,0,0:0:0:0:
320,192,8175,1,0,0:0:0:0:
320,192,8250,1,0,0:0:0:0:
320,192,8325,1,0,0:0:0:0:
320,192,8400,1,0,0:0:0:0:
448,192,8400,1,0,0:0:0:0:
320,192,8475,1,0,0:0:0:0:
448,192,8475,1,0,0:0:0:0:
320,192,8550,1,0,0:0:0:0:
448,192,8550,1,0,0:0:0:0:
320,192,8625,1,0,0:0:0:0:
448,192,8625,1,0,0:0:0:0:
320,192,8700,1,0,0:0:0:0:
448,192,8700,1,0,0:0:0:0:
320,192,8775,1,0,0:0:0:0:
448,192,8775,1,0,0:0:0:0:
320,192,8850,1,0,0:0:0:0:
448,192,8850,1,0,0:0:0:0:
320,192,8925,1,0,0:0:0:0:
448,192,8925,1,0,0:0:0:0:
320,192,9000,1,0,0:0:0:0:
448,192,9000,1,0,0:0:0:0:
320,192,9075,1,0,0:0:0:0:
448,192,9075,1,0,0:0:0:0:
320,192,9150,1,0,0:0:0:0:
448,192,9150,1,0,0:0:0:0:
320,192,9225,1,0,0:0:0:0:
448,192,9225,1,0,0:0:0:0:
320,192,9300,1,0,0:0:0:0:
448,192,9300,1,0,0:0:0:0:
320,192,9375,1,0,0:0:0:0:
448,192,9375,1,0,0:0:0:0:
320,192,9450,1,0,0:0:0:0:
448,192,9450,1,0,0:0:0:0:
320,192,9525,1,0,0:0:0:0:
448,192,9525,1,0,0:0:0:0:
192,192,9600,1,0,0:0:0:0:
320,192,9600,1,0,0:0:0:0:
448,192,9600,1,0,0:0:0:0:
192,192,9675,1,0,0:0:0:0:
192,192,9750,1,0,0:0:0:0:
192,192,9825,1,0,0:0:0:0:
192,192,9900,1,0,0:0:0:0:
192,192,9975,1,0,0:0:0:0:
192,192,10050,1,0,0:0:0:0:
192,192,10125,1,0,0:0:0:0:
192,192,10200,1,0,0:0:0:0:
192,192,10275,1,0,0:0:0:0:
192,192,10350,1,0,0:0:0:0:
192,192,10425,1,0,0:0:0:0:
192,192,10500,1,0,0:0:0:0:
192,192,10575,1,0,0:0:0:0:
192,192,10650,1,0,0:0:0:0:
192,192,10725,1,0,0:0:0:0:
192,192,10800,1,0,0:0:0:0:
320,192,10800,1,0,0:0:0:0:
192,192,10875,1,0,0:0:0:0:
320,192,10875,1,0,0:0:0:0:
192,192,10950,1,0,0:0:0:0:
320,192,10950,1,0,0:0:0:0:
192,192,11025,1,0,0:0:0:0:
320,192,11025,1,0,0:0:0:0:
192,192,11100,1,0,0:0:0:0:
320,192,11100,1,0,0:0:0:0:
192,192,11175,1,0,0:0:0:0:
320,192,11175,1,0,0:0:0:0:
192,192,11250,1,0,0:0:0:0:
320,192,11250,1,0,0:0:0:0:
192,192,11325,1,0,0:0:0:0:
320,192,11325,1,0,0:0:0:0:
192,192,11400,1,0,0:0:0:0:
320,192,11400,1,0,0:0:0:0:
192,192,11475,1,0,0:0:0:0:
320,192,11475,1,0,0:0:0:0:
192,192,11550,1,0,0:0:0:0:
320,192,11550,1,0,0:0:0:0:
192,192,11625,1,0,0:0:0:0:
320,192,11625,1,0,0:0:0:0:
192,192,11700,1,0,0:0:0:0:
320,192,11700,1,0,0:0:0:0:
192,192,11775,1,0,0:0:0:0:
320,192,11775,1,0,0:0:0:0:
192,192,11850,1,0,0:0:0:0:
320,192,11850,1,0,0:0:0:0:
192,192,11925,1,0,0:0:0:0:
320,192,11925,1,0,0:0:0:0:
64,192,12000,1,0,0:0:0:0:
448,192,12037,1,0,0:0:0:0:
64,192,12075,1,0,0:0:0:0:
448,192,12112,1,0,0:0:0:0:
64,192,12150,1,0,0:0:0:0:
448,192,12187,1,0,0:0:0:0:
64,192,12225,1,0,0:0:0:0:
448,192,12262,1,0,0:0:0:0:
64,192,12300,1,0,0:0:0:0:
448,192,12337,1,0,0:0:0:0:
64,192,12375,1,0,0:0:0:0:
448,192,12412,1,0,0:0:0:0:
64,192,12450,1,0,0:0:0:0:
448,192,12487,1,0,0:0:0:0:
64,192,12525,1,0,0:0:0:0:
448,192,12562,1,0,0:0:0:0:
64,192,12600,1,0,0:0:0:0:
448,192,12637,1,0,0:0:0:0:
64,192,12675,1,0,0:0:0:0:
448,192,12712,1,0,0:0:0:0:
64,192,12750,1,0,0:0:0:0:
448,192,12787,1,0,0:0:0:0:
64,192,12825,1,0,0:0:0:0:
448,192,12862,1,0,0:0:0:0:
64,192,12900,1,0,0:0:0:0:
448,192,12937,1,0,0:0:0:0:
64,192,12975,1,0,0:0:0:0:
448,192,13012,1,0,0:0:0:0:
64,192,13050,1,0,0:0:0:0:
448,192,13087,1,0,0:0:0:0:
64,192,13125,1,0,0:0:0:0:
448,192,13162,1,0,0:0:0:0:
64,192,13200,1,0,0:0:0:0:
448,192,13237,1,0,0:0:0:0:
64,192,13275,1,0,0:0:0:0:
448,192,13312,1,0,0:0:0:0:
64,192,13350,1,0,0:0:0:0:
448,192,13387,1,0,0:0:0:0:
64,192,13425,1,0,0:0:0:0:
448,192,13462,1,0,0:0:0:0:
64,192,13500,1,0,0:0:0:0:
448,192,13537,1,0,0:0:0:0:
64,192,13575,1,0,0:0:0:0:
448,192,13612,1,0,0:0:0:0:
64,192,13650,1,0,0:0:0:0:
448,192,13687,1,0,0:0:0:0:
64,192,13725,1,0,0:0:0:0:
448,192,13762,1,0,0:0:0:0:
64,192,13800,1,0,0:0:0:0:
448,192,13837,1,0,0:0:0:0:
64,192,13875,1,0,0:0:0:0:
448,192,13912,1,0,0:0:0:0:
64,192,13950,1,0,0:0:0:0:
448,192,13987,1,0,0:0:0:0:
64,192,14025,1,0,0:0:0:0:
448,192,14062,1,0,0:0:0:0:
64,192,14100,1,0,0:0:0:0:
448,192,14137,1,0,0:0:0:0:
64,192,14175,1,0,0:0:0:0:
448,192,14212,1,0,0:0:0:0:
64,192,14250,1,0,0:0:0:0:
448,192,14287,1,0,0:0:0:0:
64,192,14325,1,0,0:0:0:0:
448,192,14362,1,0,0:0:0:0:
64,192,14400,1,0,0:0:0:0:
192,192,14400,1,0,0:0:0:0:
320,192,14400,1,0,0:0:0:0:
64,192,15600,1,0,0:0:0:0:
320,192,15600,1,0,0:0:0:0:
448,192,15600,1,0,0:0:0:0:
64,192,15675,1,0,0:0:0:0:
320,192,15675,1,0,0:0:0:0:
448,192,15675,1,0,0:0:0:0:
64,192,15750,1,0,0:0:0:0:
320,192,15750,1,0,0:0:0:0:
448,192,15750,1,0,0:0:0:0:
64,192,15825,1,0,0:0:0:0:
320,192,15825,1,0,0:0:0:0:
448,192,15825,1,0,0:0:0:0:
64,192,15900,1,0,0:0:0:0:
192,192,15900,1,0,0:0:0:0:
448,192,15900,1,0,0:0:0:0:
64,192,15975,1,0,0:0:0:0:
192,192,15975,1,0,0:0:0:0:
448,192,15975,1,0,0:0:0:0:
64,192,16050,1,0,0:0:0:0:
192,192,16050,1,0,0:0:0:0:
448,192,16050,1,0,0:0:0:0:
64,192,16125,1,0,0:0:0:0:
192,192,16125,1,0,0:0:0:0:
448,192,16125,1,0,0:0:0:0:
192,192,16200,1,0,0:0:0:0:
320,192,16200,1,0,0:0:0:0:
448,192,16200,1,0,0:0:0:0:
192,192,16275,1,0,0:0:0:0:
320,192,16275,1,0,0:0:0:0:
448,192,16275,1,0,0:0:0:0:
192,192,16350,1,0,0:0:0:0:
320,192,16350,1,0,0:0:0:0:
448,192,16350,1,0,0:0:0:0:
192,192,16425,1,0,0:0:0:0:
320,192,16425,1,0,0:0:0:0:
448,192,16425,1,0,0:0:0:0:
64,192,16500,1,0,0:0:0:0:
192,192,16500,1,0,0:0:0:0:
320,192,16500,1,0,0:0:0:0:
64,192,16575,1,0,0:0:0:0:
192,192,16575,1,0,0:0:0:0:
320,192,16575,1,0,0:0:0:0:
64,192,16650,1,0,0:0:0:0:
192,192,16650,1,0,0:0:0:0:
320,192,16650,1,0,0:0:0:0:
64,192,16725,1,0,0:0:0:0:
192,192,16725,1,0,0:0:0:0:
320,192,16725,1,0,0:0:0:0:
64,192,16800,1,0,0:0:0:0:
448,192,16800,1,0,0:0:0:0:
192,192,16875,1,0,0:0:0:0:
320,192,16875,1,0,0:0:0:0:
64,192,16950,1,0,0:0:0:0:
448,192,16950,1,0,0:0:0:0:
192,192,17025,1,0,0:0:0:0:
320,192,17025,1,0,0:0:0:0:
64,192,17100,1,0,0:0:0:0:
448,192,17100,1,0,0:0:0:0:
192,192,17175,1,0,0:0:0:0:
320,192,17175,1,0,0:0:0:0:
64,192,17250,1,0,0:0:0:0:
448,192,17250,1,0,0:0:0:0:
192,192,17325,1,0,0:0:0:0:
320,192,17325,1,0,0:0:0:0:
64,192,17400,1,0,0:0:0:0:
448,192,17400,1,0,0:0:0:0:
64,192,17475,1,0,0:0:0:0:
192,192,17475,1,0,0:0:0:0:
320,192,17550,1,0,0:0:0:0:
448,192,17550,1,0,0:0:0:0:
64,192,17625,1,0,0:0:0:0:
192,192,17625,1,0,0:0:0:0:
320,192,17700,1,0,0:0:0:0:
448,192,17700,1,0,0:0:0:0:
64,192,17775,1,0,0:0:0:0:
192,192,17775,1,0,0:0:0:0:
320,192,17850,1,0,0:0:0:0:
448,192,17850,1,0,0:0:0:0:
64,192,17925,1,0,0:0:0:0:
192,192,17925,1,0,0:0:0:0:
320,192,18000,1,0,0:0:0:0:
448,192,18000,1,0,0:0:0:0:
192,192,18075,1,0,0:0:0:0:
320,192,18075,1,0,0:0:0:0:
448,192,18075,1,0,0:0:0:0:
192,192,18150,1,0,0:0:0:0:
320,192,18150,1,0,0:0:0:0:
448,192,18150,1,0,0:0:0:0:
192,192,18225,1,0,0:0:0:0:
320,192,18225,1,0,0:0:0:0:
448,192,18225,1,0,0:0:0:0:
192,192,18300,1,0,0:0:0:0:
320,192,18300,1,0,0:0:0:0:
448,192,18300,1,0,0:0:0:0:
64,192,18375,1,0,0:0:0:0:
320,192,18375,1,0,0:0:0:0:
448,192,18375,1,0,0:0:0:0:
64,192,18450,1,0,0:0:0:0:
320,192,18450,1,0,0:0:0:0:
448,192,18450,1,0,0:0:0:0:
64,192,18525,1,0,0:0:0:0:
320,192,18525,1,0,0:0:0:0:
448,192,18525,1,0,0:0:0:0:
64,192,18600,1,0,0:0:0:0:
320,192,18600,1,0,0:0:0:0:
448,192,18600,1,0,0:0:0:0:
64,192,18675,1,0,0:0:0:0:
192,192,18675,1,0,0:0:0:0:
320,192,18675,1,0,0:0:0:0:
64,192,18750,1,0,0:0:0:0:
192,192,18750,1,0,0:0:0:0:
320,192,18750,1,0,0:0:0:0:
64,192,18825,1,0,0:0:0:0:
192,192,18825,1,0,0:0:0:0:
320,192,18825,1,0,0:0:0:0:
64,192,18900,1,0,0:0:0:0:
192,192,18900,1,0,0:0:0:0:
320,192,18900,1,0,0:0:0:0:
192,192,18975,1,0,0:0:0:0:
320,192,18975,1,0,0:0:0:0:
448,192,18975,1,0,0:0:0:0:
192,192,19050,1,0,0:0:0:0:
320,192,19050,1,0,0:0:0:0:
448,192,19050,1,0,0:0:0:0:
192,192,19125,1,0,0:0:0:0:
320,192,19125,1,0,0:0:0:0:
448,192,19125,1,0,0:0:0:0:
192,192,19200,1,0,0:0:0:0:
320,192,19200,1,0,0:0:0:0:
448,192,19200,1,0,0:0:0:0:
192,192,19275,1,0,0:0:0:0:
320,192,19275,1,0,0:0:0:0:
448,192,19275,1,0,0:0:0:0:
192,192,19350,1,0,0:0:0:0:
320,192,19350,1,0,0:0:0:0:
448,192,19350,1,0,0:0:0:0:
192,192,19425,1,0,0:0:0:0:
320,192,19425,1,0,0:0:0:0:
448,192,19425,1,0,0:0:0:0:
64,192,19500,1,0,0:0:0:0:
320,192,19500,1,0,0:0:0:0:
448,192,19500,1,0,0:0:0:0:
64,192,19575,1,0,0:0:0:0:
320,192,19575,1,0,0:0:0:0:
448,192,19575,1,0,0:0:0:0:
64,192,19650,1,0,0:0:0:0:
320,192,19650,1,0,0:0:0:0:
448,192,19650,1,0,0:0:0:0:
64,192,19725,1,0,0:0:0:0:
320,192,19725,1,0,0:0:0:0:
448,192,19725,1,0,0:0:0:0:
64,192,19800,1,0,0:0:0:0:
192,192,19800,1,0,0:0:0:0:
320,192,19800,1,0,0:0:0:0:
64,192,19875,1,0,0:0:0:0:
192,192,19875,1,0,0:0:0:0:
320,192,19875,1,0,0:0:0:0:
64,192,19950,1,0,0:0:0:0:
192,192,19950,1,0,0:0:0:0:
320,192,19950,1,0,0:0:0:0:
64,192,20025,1,0,0:0:0:0:
192,192,20025,1,0,0:0:0:0:
320,192,20025,1,0,0:0:0:0:
64,192,20100,1,0,0:0:0:0:
192,192,20100,1,0,0:0:0:0:
448,192,20100,1,0,0:0:0:0:
64,192,20175,1,0,0:0:0:0:
192,192,20175,1,0,0:0:0:0:
448,192,20175,1,0,0:0:0:0:
64,192,20250,1,0,0:0:0:0:
192,192,20250,1,0,0:0:0:0:
448,192,20250,1,0,0:0:0:0:
64,192,20325,1,0,0:0:0:0:
192,192,20325,1,0,0:0:0:0:
448,192,20325,1,0,0:0:0:0:
64,192,20400,1,0,0:0:0:0:
192,192,20437,1,0,0:0:0:0:
320,192,20475,1,0,0:0:0:0:
448,192,20512,1,0,0:0:0:0:
320,192,20550,1,0,0:0:0:0:
192,192,20587,1,0,0:0:0:0:
64,192,20625,1,0,0:0:0:0:
192,192,20662,1,0,0:0:0:0:
320,192,20700,1,0,0:0:0:0:
448,192,20737,1,0,0:0:0:0:
320,192,20775,1,0,0:0:0:0:
192,192,20812,1,0,0:0:0:0:
64,192,20850,1,0,0:0:0:0:
192,192,20887,1,0,0:0:0:0:
320,192,20925,1,0,0:0:0:0:
448,192,20962,1,0,0:0:0:0:
320,192,21000,1,0,0:0:0:0:
192,192,21037,1,0,0:0:0:0:
64,192,21075,1,0,0:0:0:0:
192,192,21112,1,0,0:0:0:0:
320,192,21150,1,0,0:0:0:0:
448,192,21187,1,0,0:0:0:0:
320,192,21225,1,0,0:0:0:0:
192,192,21262,1,0,0:0:0:0:
64,192,21300,1,0,0:0:0:0:
192,192,21337,1,0,0:0:0:0:
320,192,21375,1,0,0:0:0:0:
448,192,21412,1,0,0:0:0:0:
320,192,21450,1,0,0:0:0:0:
192,192,21487,1,0,0:0:0:0:
64,192,21525,1,0,0:0:0:0:
192,192,21562,1,0,0:0:0:0:
320,192,21600,1,0,0:0:0:0:
448,192,21600,1,0,0:0:0:0:
64,192,21675,1,0,0:0:0:0:
192,192,21675,1,0,0:0:0:0:
320,192,21750,1,0,0:0:0:0:
448,192,21750,1,0,0:0:0:0:
64,192,21825,1,0,0:0:0:0:
192,192,21825,1,0,0:0:0:0:
320,192,21900,1,0,0:0:0:0:
448,192,21900,1,0,0:0:0:0:
64,192,21975,1,0,0:0:0:0:
192,192,21975,1,0,0:0:0:0:
320,192,22050,1,0,0:0:0:0:
448,192,22050,1,0,0:0:0:0:
64,192,22125,1,0,0:0:0:0:
192,192,22125,1,0,0:0:0:0:
320,192,22200,1,0,0:0:0:0:
448,192,22200,1,0,0:0:0:0:
64,192,22275,1,0,0:0:0:0:
192,192,22275,1,0,0:0:0:0:
320,192,22350,1,0,0:0:0:0:
448,192,22350,1,0,0:0:0:0:
64,192,22425,1,0,0:0:0:0:
192,192,22425,1,0,0:0:0:0:
320,192,22500,1,0,0:0:0:0:
448,192,22500,1,0,0:0:0:0:
64,192,22575,1,0,0:0:0:0:
192,192,22575,1,0,0:0:0:0:
320,192,22650,1,0,0:0:0:0:
448,192,22650,1,0,0:0:0:0:
64,192,22725,1,0,0:0:0:0:
192,192,22725,1,0,0:0:0:0:
448,192,22800,1,0,0:0:0:0:
320,192,22837,1,0,0:0:0:0:
192,192,22875,1,0,0:0:0:0:
64,192,22912,1,0,0:0:0:0:
448,192,22950,1,0,0:0:0:0:
320,192,22987,1,0,0:0:0:0:
192,192,23025,1,0,0:0:0:0:
64,192,23062,1,0,0:0:0:0:
448,192,23100,1,0,0:0:0:0:
320,192,23137,1,0,0:0:0:0:
192,192,23175,1,0,0:0:0:0:
64,192,23212,1,0,0:0:0:0:
448,192,23250,1,0,0:0:0:0:
320,192,23287,1,0,0:0:0:0:
192,192,23325,1,0,0:0:0:0:
64,192,23362,1,0,0:0:0:0:
448,192,23400,1,0,0:0:0:0:
64,192,23437,1,0,0:0:0:0:
448,192,23475,1,0,0:0:0:0:
64,192,23512,1,0,0:0:0:0:
448,192,23550,1,0,0:0:0:0:
64,192,23587,1,0,0:0:0:0:
448,192,23625,1,0,0:0:0:0:
64,192,23662,1,0,0:0:0:0:
448,192,23700,1,0,0:0:0:0:
64,192,23737,1,0,0:0:0:0:
448,192,23775,1,0,0:0:0:0:
64,192,23812,1,0,0:0:0:0:
448,192,23850,1,0,0:0:0:0:
64,192,23887,1,0,0:0:0:0:
448,192,23925,1,0,0:0:0:0:
64,192,23962,1,0,0:0:0:0:
192,192,24000,1,0,0:0:0:0:
320,192,24000,1,0,0:0:0:0:
448,192,24000,1,0,0:0:0:0:
64,192,24075,1,0,0:0:0:0:
64,192,24150,1,0,0:0:0:0:
64,192,24225,1,0,0:0:0:0:
64,192,24300,1,0,0:0:0:0:
64,192,24375,1,0,0:0:0:0:
64,192,24450,1,0,0:0:0:0:
64,192,24525,1,0,0:0:0:0:
64,192,24600,1,0,0:0:0:0:
64,192,24675,1,0,0:0:0:0:
64,192,24750,1,0,0:0:0:0:
64,192,24825,1,0,0:0:0:0:
64,192,24900,1,0,0:0:0:0:
64,192,24975,1,0,0:0:0:0:
64,192,25050,1,0,0:0:0:0:
64,192,25125,1,0,0:0:0:0:
192,192,25200,1,0,0:0:0:0:
192,192,25275,1,0,0:0:0:0:
192,192,25350,1,0,0:0:0:0:
192,192,25425,1,0,0:0:0:0:
192,192,25500,1,0,0:0:0:0:
192,192,25575,1,0,0:0:0:0:
192,192,25650,1,0,0:0:0:0:
192,192,25725,1,0,0:0:0:0:
192,192,25800,1,0,0:0:0:0:
192,192,25875,1,0,0:0:0:0:
192,192,25950,1,0,0:0:0:0:
192,192,26025,1,0,0:0:0:0:
192,192,26100,1,0,0:0:0:0:
192,192,26175,1,0,0:0:0:0:
192,192,26250,1,0,0:0:0:0:
192,192,26325,1,0,0:0:0:0:
320,192,26400,1,0,0:0:0:0:
320,192,26475,1,0,0:0:0:0:
320,192,26550,1,0,0:0:0:0:
320,192,26625,1,0,0:0:0:0:
320,192,26700,1,0,0:0:0:0:
320,192,26775,1,0,0:0:0:0:
320,192,26850,1,0,0:0:0:0:
320,192,26925,1,0,0:0:0:0:
320,192,27000,1,0,0:0:0:0:
320,192,27075,1,0,0:0:0:0:
320,192,27150,1,0,0:0:0:0:
320,192,27225,1,0,0:0:0:0:
320,192,27300,1,0,0:0:0:0:
320,192,27375,1,0,0:0:0:0:
320,192,27450,1,0,0:0:0:0:
320,192,27525,1,0,0:0:0:0:
448,192,27600,1,0,0:0:0:0:
448,192,27675,1,0,0:0:0:0:
448,192,27750,1,0,0:0:0:0:
448,192,27825,1,0,0:0:0:0:
448,192,27900,1,0,0:0:0:0:
448,192,27975,1,0,0:0:0:0:
448,192,28050,1,0,0:0:0:0:
448,192,28125,1,0,0:0:0:0:
448,192,28200,1,0,0:0:0:0:
448,192,28275,1,0,0:0:0:0:
448,192,28350,1,0,0:0:0:0:
448,192,28425,1,0,0:0:0:0:
448,192,28500,1,0,0:0:0:0:
448,192,28575,1,0,0:0:0:0:
448,192,28650,1,0,0:0:0:0:
448,192,28725,1,0,0:0:0:0:
448,192,28800,1,0,0:0:0:0:
64,192,28837,1,0,0:0:0:0:
448,192,28875,1,0,0:0:0:0:
64,192,28912,1,0,0:0:0:0:
448,192,28950,1,0,0:0:0:0:
64,192,28987,1,0,0:0:0:0:
448,192,29025,1,0,0:0:0:0:
64,192,29062,1,0,0:0:0:0:
448,192,29100,1,0,0:0:0:0:
64,192,29137,1,0,0:0:0:0:
448,192,29175,1,0,0:0:0:0:
64,192,29212,1,0,0:0:0:0:
448,192,29250,1,0,0:0:0:0:
64,192,29287,1,0,0:0:0:0:
448,192,29325,1,0,0:0:0:0:
64,192,29362,1,0,0:0:0:0:
448,192,29400,1,0,0:0:0:0:
64,192,29437,1,0,0:0:0:0:
448,192,29475,1,0,0:0:0:0:
64,192,29512,1,0,0:0:0:0:
448,192,29550,1,0,0:0:0:0:
64,192,29587,1,0,0:0:0:0:
448,192,29625,1,0,0:0:0:0:
64,192,29662,1,0,0:0:0:0:
448,192,29700,1,0,0:0:0:0:
64,192,29737,1,0,0:0:0:0:
448,192,29775,1,0,0:0:0:0:
64,192,29812,1,0,0:0:0:0:
448,192,29850,1,0,0:0:0:0:
64,192,29887,1,0,0:0:0:0:
448,192,29925,1,0,0:0:0:0:
64,192,29962,1,0,0:0:0:0:
448,192,30000,1,0,0:0:0:0:
64,192,30037,1,0,0:0:0:0:
448,192,30075,1,0,0:0:0:0:
64,192,30112,1,0,0:0:0:0:
448,192,30150,1,0,0:0:0:0:
64,192,30187,1,0,0:0:0:0:
448,192,30225,1,0,0:0:0:0:
64,192,30262,1,0,0:0:0:0:
448,192,30300,1,0,0:0:0:0:
64,192,30337,1,0,0:0:0:0:
448,192,30375,1,0,0:0:0:0:
64,192,30412,1,0,0:0:0:0:
448,192,30450,1,0,0:0:0:0:
64,192,30487,1,0,0:0:0:0:
448,192,30525,1,0,0:0:0:0:
64,192,30562,1,0,0:0:0:0:
448,192,30600,1,0,0:0:0:0:
64,192,30637,1,0,0:0:0:0:
448,192,30675,1,0,0:0:0:0:
64,192,30712,1,0,0:0:0:0:
448,192,30750,1,0,0:0:0:0:
64,192,30787,1,0,0:0:0:0:
448,192,30825,1,0,0:0:0:0:
64,192,30862,1,0,0:0:0:0:
448,192,30900,1,0,0:0:0:0:
64,192,30937,1,0,0:0:0:0:
448,192,30975,1,0,0:0:0:0:
64,192,31012,1,0,0:0:0:0:
448,192,31050,1,0,0:0:0:0:
64,192,31087,1,0,0:0:0:0:
448,192,31125,1,0,0:0:0:0:
64,192,31162,1,0,0:0:0:0:
448,192,31200,1,0,0:0:0:0:
64,192,31237,1,0,0:0:0:0:
448,192,31275,1,0,0:0:0:0:
64,192,31312,1,0,0:0:0:0:
448,192,31350,1,0,0:0:0:0:
64,192,31387,1,0,0:0:0:0:
448,192,31425,1,0,0:0:0:0:
64,192,31462,1,0,0:0:0:0:
448,192,31500,1,0,0:0:0:0:
64,192,31537,1,0,0:0:0:0:
448,192,31575,1,0,0:0:0:0:
64,192,31612,1,0,0:0:0:0:
448,192,31650,1,0,0:0:0:0:
64,192,31687,1,0,0:0:0:0:
448,192,31725,1,0,0:0:0:0:
64,192,31762,1,0,0:0:0:0:
448,192,31800,1,0,0:0:0:0:
64,192,31837,1,0,0:0:0:0:
448,192,31875,1,0,0:0:0:0:
64,192,31912,1,0,0:0:0:0:
448,192,31950,1,0,0:0:0:0:
64,192,31987,1,0,0:0:0:0:
448,192,32025,1,0,0:0:0:0:
64,192,32062,1,0,0:0:0:0:
448,192,32100,1,0,0:0:0:0:
64,192,32137,1,0,0:0:0:0:
448,192,32175,1,0,0:0:0:0:
64,192,32212,1,0,0:0:0:0:
448,192,32250,1,0,0:0:0:0:
64,192,32287,1,0,0:0:0:0:
448,192,32325,1,0,0:0:0:0:
64,192,32362,1,0,0:0:0:0:
448,192,32400,1,0,0:0:0:0:
64,192,32437,1,0,0:0:0:0:
448,192,32475,1,0,0:0:0:0:
64,192,32512,1,0,0:0:0:0:
448,192,32550,1,0,0:0:0:0:
64,192,32587,1,0,0:0:0:0:
448,192,32625,1,0,0:0:0:0:
64,192,32662,1,0,0:0:0:0:
448,192,32700,1,0,0:0:0:0:
64,192,32737,1,0,0:0:0:0:
448,192,32775,1,0,0:0:0:0:
64,192,32812,1,0,0:0:0:0:
448,192,32850,1,0,0:0:0:0:
64,192,32887,1,0,0:0:0:0:
448,192,32925,1,0,0:0:0:0:
64,192,32962,1,0,0:0:0:0:
448,192,33000,1,0,0:0:0:0:
64,192,33037,1,0,0:0:0:0:
448,192,33075,1,0,0:0:0:0:
64,192,33112,1,0,0:0:0:0:
448,192,33150,1,0,0:0:0:0:
64,192,33187,1,0,0:0:0:0:
448,192,33225,1,0,0:0:0:0:
64,192,33262,1,0,0:0:0:0:
448,192,33300,1,0,0:0:0:0:
64,192,33337,1,0,0:0:0:0:
448,192,33375,1,0,0:0:0:0:
64,192,33412,1,0,0:0:0:0:
448,192,33450,1,0,0:0:0:0:
64,192,33487,1,0,0:0:0:0:
448,192,33525,1,0,0:0:0:0:
64,192,33562,1,0,0:0:0:0:
320,192,33600,1,0,0:0:0:0:
448,192,33600,1,0,0:0:0:0:
64,192,33675,1,0,0:0:0:0:
192,192,33675,1,0,0:0:0:0:
320,192,33750,1,0,0:0:0:0:
448,192,33750,1,0,0:0:0:0:
64,192,33825,1,0,0:0:0:0:
192,192,33825,1,0,0:0:0:0:
320,192,33900,1,0,0:0:0:0:
448,192,33900,1,0,0:0:0:0:
64,192,33975,1,0,0:0:0:0:
192,192,33975,1,0,0:0:0:0:
320,192,34050,1,0,0:0:0:0:
448,192,34050,1,0,0:0:0:0:
64,192,34125,1,0,0:0:0:0:
192,192,34125,1,0,0:0:0:0:
320,192,34200,1,0,0:0:0:0:
448,192,34200,1,0,0:0:0:0:
64,192,34275,1,0,0:0:0:0:
192,192,34275,1,0,0:0:0:0:
320,192,34350,1,0,0:0:0:0:
448,192,34350,1,0,0:0:0:0:
64,192,34425,1,0,0:0:0:0:
192,192,34425,1,0,0:0:0:0:
320,192,34500,1,0,0:0:0:0:
448,192,34500,1,0,0:0:0:0:
64,192,34575,1,0,0:0:0:0:
192,192,34575,1,0,0:0:0:0:
320,192,34650,1,0,0:0:0:0:
448,192,34650,1,0,0:0:0:0:
64,192,34725,1,0,0:0:0:0:
192,192,34725,1,0,0:0:0:0:
64,192,34800,1,0,0:0:0:0:
448,192,34800,1,0,0:0:0:0:
192,192,34875,1,0,0:0:0:0:
320,192,34875,1,0,0:0:0:0:
64,192,34950,1,0,0:0:0:0:
448,192,34950,1,0,0:0:0:0:
192,192,35025,1,0,0:0:0:0:
320,192,35025,1,0,0:0:0:0:
64,192,35100,1,0,0:0:0:0:
448,192,35100,1,0,0:0:0:0:
192,192,35175,1,0,0:0:0:0:
320,192,35175,1,0,0:0:0:0:
64,192,35250,1,0,0:0:0:0:
448,192,35250,1,0,0:0:0:0:
192,192,35325,1,0,0:0:0:0:
320,192,35325,1,0,0:0:0:0:
64,192,35400,1,0,0:0:0:0:
448,192,35400,1,0,0:0:0:0:
192,192,35475,1,0,0:0:0:0:
320,192,35475,1,0,0:0:0:0:
64,192,35550,1,0,0:0:0:0:
448,192,35550,1,0,0:0:0:0:
192,192,35625,1,0,0:0:0:0:
320,192,35625,1,0,0:0:0:0:
64,192,35700,1,0,0:0:0:0:
448,192,35700,1,0,0:0:0:0:
192,192,35775,1,0,0:0:0:0:
320,192,35775,1,0,0:0:0:0:
64,192,35850,1,0,0:0:0:0:
448,192,35850,1,0,0:0:0:0:
192,192,35925,1,0,0:0:0:0:
320,192,35925,1,0,0:0:0:0:
64,192,36000,1,0,0:0:0:0:
192,192,36000,1,0,0:0:0:0:
320,192,36000,1,0,0:0:0:0:
448,192,36000,1,0,0:0:0:0:
64,192,36075,1,0,0:0:0:0:
192,192,36075,1,0,0:0:0:0:
320,192,36075,1,0,0:0:0:0:
448,192,36075,1,0,0:0:0:0:
64,192,36150,1,0,0:0:0:0:
192,192,36150,1,0,0:0:0:0:
320,192,36150,1,0,0:0:0:0:
448,192,36150,1,0,0:0:0:0:
64,192,36225,1,0,0:0:0:0:
192,192,36225,1,0,0:0:0:0:
320,192,36225,1,0,0:0:0:0:
448,192,36225,1,0,0:0:0:0:
64,192,36300,1,0,0:0:0:0:
192,192,36300,1,0,0:0:0:0:
320,192,36300,1,0,0:0:0:0:
448,192,36300,1,0,0:0:0:0:
64,192,36375,1,0,0:0:0:0:
192,192,36375,1,0,0:0:0:0:
320,192,36375,1,0,0:0:0:0:
448,192,36375,1,0,0:0:0:0:
64,192,36450,1,0,0:0:0:0:
192,192,36450,1,0,0:0:0:0:
320,192,36450,1,0,0:0:0:0:
448,192,36450,1,0,0:0:0:0:
64,192,36525,1,0,0:0:0:0:
192,192,36525,1,0,0:0:0:0:
320,192,36525,1,0,0:0:0:0:
448,192,36525,1,0,0:0:0:0:
64,192,36600,1,0,0:0:0:0:
192,192,36600,1,0,0:0:0:0:
320,192,36600,1,0,0:0:0:0:
448,192,36600,1,0,0:0:0:0:
64,192,36675,1,0,0:0:0:0:
192,192,36675,1,0,0:0:0:0:
320,192,36675,1,0,0:0:0:0:
448,192,36675,1,0,0:0:0:0:
64,192,36750,1,0,0:0:0:0:
192,192,36750,1,0,0:0:0:0:
320,192,36750,1,0,0:0:0:0:
448,192,36750,1,0,0:0:0:0:
64,192,36825,1,0,0:0:0:0:
192,192,36825,1,0,0:0:0:0:
320,192,36825,1,0,0:0:0:0:
448,192,36825,1,0,0:0:0:0:
64,192,36900,1,0,0:0:0:0:
192,192,36900,1,0,0:0:0:0:
320,192,36900,1,0,0:0:0:0:
448,192,36900,1,0,0:0:0:0:
64,192,36975,1,0,0:0:0:0:
192,192,36975,1,0,0:0:0:0:
320,192,36975,1,0,0:0:0:0:
448,192,36975,1,0,0:0:0:0:
64,192,37050,1,0,0:0:0:0:
192,192,37050,1,0,0:0:0:0:
320,192,37050,1,0,0:0:0:0:
448,192,37050,1,0,0:0:0:0:
64,192,37125,1,0,0:0:0:0:
192,192,37125,1,0,0:0:0:0:
320,192,37125,1,0,0:0:0:0:
448,192,37125,1,0,0:0:0:0:
64,192,37200,1,0,0:0:0:0:
192,192,37200,1,0,0:0:0:0:
320,192,37200,1,0,0:0:0:0:
448,192,37200,1,0,0:0:0:0:
64,192,37275,1,0,0:0:0:0:
192,192,37275,1,0,0:0:0:0:
320,192,37275,1,0,0:0:0:0:
448,192,37275,1,0,0:0:0:0:
64,192,37350,1,0,0:0:0:0:
192,192,37350,1,0,0:0:0:0:
320,192,37350,1,0,0:0:0:0:
448,192,37350,1,0,0:0:0:0:
64,192,37425,1,0,0:0:0:0:
192,192,37425,1,0,0:0:0:0:
320,192,37425,1,0,0:0:0:0:
448,192,37425,1,0,0:0:0:0:
64,192,37500,1,0,0:0:0:0:
192,192,37500,1,0,0:0:0:0:
320,192,37500,1,0,0:0:0:0:
448,192,37500,1,0,0:0:0:0:
64,192,37575,1,0,0:0:0:0:
192,192,37575,1,0,0:0:0:0:
320,192,37575,1,0,0:0:0:0:
448,192,37575,1,0,0:0:0:0:
64,192,37650,1,0,0:0:0:0:
192,192,37650,1,0,0:0:0:0:
320,192,37650,1,0,0:0:0:0:
448,192,37650,1,0,0:0:0:0:
64,192,37725,1,0,0:0:0:0:
192,192,37725,1,0,0:0:0:0:
320,192,37725,1,0,0:0:0:0:
448,192,37725,1,0,0:0:0:0:
64,192,37800,1,0,0:0:0:0:
192,192,37800,1,0,0:0:0:0:
320,192,37800,1,0,0:0:0:0:
448,192,37800,1,0,0:0:0:0:
64,192,37875,1,0,0:0:0:0:
192,192,37875,1,0,0:0:0:0:
320,192,37875,1,0,0:0:0:0:
448,192,37875,1,0,0:0:0:0:
64,192,37950,1,0,0:0:0:0:
192,192,37950,1,0,0:0:0:0:
320,192,37950,1,0,0:0:0:0:
448,192,37950,1,0,0:0:0:0:
64,192,38025,1,0,0:0:0:0:
192,192,38025,1,0,0:0:0:0:
320,192,38025,1,0,0:0:0:0:
448,192,38025,1,0,0:0:0:0:
64,192,38100,1,0,0:0:0:0:
192,192,38100,1,0,0:0:0:0:
320,192,38100,1,0,0:0:0:0:
448,192,38100,1,0,0:0:0:0:
64,192,38175,1,0,0:0:0:0:
192,192,38175,1,0,0:0:0:0:
320,192,38175,1,0,0:0:0:0:
448,192,38175,1,0,0:0:0:0:
64,192,38250,1,0,0:0:0:0:
192,192,38250,1,0,0:0:0:0:
320,192,38250,1,0,0:0:0:0:
448,192,38250,1,0,0:0:0:0:
64,192,38325,1,0,0:0:0:0:
192,192,38325,1,0,0:0:0:0:
320,192,38325,1,0,0:0:0:0:
448,192,38325,1,0,0:0:0:0:
64,192,38400,1,0,0:0:0:0:
192,192,38400,1,0,0:0:0:0:
320,192,38400,1,0,0:0:0:0:
448,192,38400,1,0,0:0:0:0:
64,192,38475,1,0,0:0:0:0:
192,192,38475,1,0,0:0:0:0:
320,192,38475,1,0,0:0:0:0:
448,192,38475,1,0,0:0:0:0:
64,192,38550,1,0,0:0:0:0:
192,192,38550,1,0,0:0:0:0:
320,192,38550,1,0,0:0:0:0:
448,192,38550,1,0,0:0:0:0:
64,192,38625,1,0,0:0:0:0:
192,192,38625,1,0,0:0:0:0:
320,192,38625,1,0,0:0:0:0:
448,192,38625,1,0,0:0:0:0:
64,192,38700,1,0,0:0:0:0:
192,192,38700,1,0,0:0:0:0:
320,192,38700,1,0,0:0:0:0:
448,192,38700,1,0,0:0:0:0:
64,192,38775,1,0,0:0:0:0:
192,192,38775,1,0,0:0:0:0:
320,192,38775,1,0,0:0:0:0:
448,192,38775,1,0,0:0:0:0:
64,192,38850,1,0,0:0:0:0:
192,192,38850,1,0,0:0:0:0:
320,192,38850,1,0,0:0:0:0:
448,192,38850,1,0,0:0:0:0:
64,192,38925,1,0,0:0:0:0:
192,192,38925,1,0,0:0:0:0:
320,192,38925,1,0,0:0:0:0:
448,192,38925,1,0,0:0:0:0:
64,192,39000,1,0,0:0:0:0:
192,192,39000,1,0,0:0:0:0:
320,192,39000,1,0,0:0:0:0:
448,192,39000,1,0,0:0:0:0:
64,192,39075,1,0,0:0:0:0:
192,192,39075,1,0,0:0:0:0:
320,192,39075,1,0,0:0:0:0:
448,192,39075,1,0,0:0:0:0:
64,192,39150,1,0,0:0:0:0:
192,192,39150,1,0,0:0:0:0:
320,192,39150,1,0,0:0:0:0:
448,192,39150,1,0,0:0:0:0:
64,192,39225,1,0,0:0:0:0:
192,192,39225,1,0,0:0:0:0:
320,192,39225,1,0,0:0:0:0:
448,192,39225,1,0,0:0:0:0:
64,192,39300,1,0,0:0:0:0:
192,192,39300,1,0,0:0:0:0:
320,192,39300,1,0,0:0:0:0:
448,192,39300,1,0,0:0:0:0:
64,192,39375,1,0,0:0:0:0:
192,192,39375,1,0,0:0:0:0:
320,192,39375,1,0,0:0:0:0:
448,192,39375,1,0,0:0:0:0:
64,192,39450,1,0,0:0:0:0:
192,192,39450,1,0,0:0:0:0:
320,192,39450,1,0,0:0:0:0:
448,192,39450,1,0,0:0:0:0:
64,192,39525,1,0,0:0:0:0:
192,192,39525,1,0,0:0:0:0:
320,192,39525,1,0,0:0:0:0:
448,192,39525,1,0,0:0:0:0:
64,192,39600,1,0,0:0:0:0:
192,192,39600,1,0,0:0:0:0:
320,192,39600,1,0,0:0:0:0:
448,192,39600,1,0,0:0:0:0:
64,192,39675,1,0,0:0:0:0:
320,192,39675,1,0,0:0:0:0:
448,192,39675,1,0,0:0:0:0:
192,192,39712,1,0,0:0:0:0:
64,192,39750,1,0,0:0:0:0:
320,192,39750,1,0,0:0:0:0:
448,192,39750,1,0,0:0:0:0:
192,192,39787,1,0,0:0:0:0:
64,192,39825,1,0,0:0:0:0:
320,192,39825,1,0,0:0:0:0:
448,192,39825,1,0,0:0:0:0:
192,192,39862,1,0,0:0:0:0:
64,192,39900,1,0,0:0:0:0:
320,192,39900,1,0,0:0:0:0:
448,192,39900,1,0,0:0:0:0:
192,192,39937,1,0,0:0:0:0:
64,192,39975,1,0,0:0:0:0:
320,192,39975,1,0,0:0:0:0:
448,192,39975,1,0,0:0:0:0:
192,192,40012,1,0,0:0:0:0:
64,192,40050,1,0,0:0:0:0:
320,192,40050,1,0,0:0:0:0:
448,192,40050,1,0,0:0:0:0:
192,192,40087,1,0,0:0:0:0:
64,192,40125,1,0,0:0:0:0:
320,192,40125,1,0,0:0:0:0:
448,192,40125,1,0,0:0:0:0:
192,192,40162,1,0,0:0:0:0:
64,192,40200,1,0,0:0:0:0:
320,192,40200,1,0,0:0:0:0:
448,192,40200,1,0,0:0:0:0:
192,192,40237,1,0,0:0:0:0:
64,192,40275,1,0,0:0:0:0:
320,192,40275,1,0,0:0:0:0:
448,192,40275,1,0,0:0:0:0:
192,192,40312,1,0,0:0:0:0:
64,192,40350,1,0,0:0:0:0:
320,192,40350,1,0,0:0:0:0:
448,192,40350,1,0,0:0:0:0:
192,192,40387,1,0,0:0:0:0:
64,192,40425,1,0,0:0:0:0:
320,192,40425,1,0,0:0:0:0:
448,192,40425,1,0,0:0:0:0:
192,192,40462,1,0,0:0:0:0:
64,192,40500,1,0,0:0:0:0:
320,192,40500,1,0,0:0:0:0:
448,192,40500,1,0,0:0:0:0:
192,192,40537,1,0,0:0:0:0:
64,192,40575,1,0,0:0:0:0:
320,192,40575,1,0,0:0:0:0:
448,192,40575,1,0,0:0:0:0:
192,192,40612,1,0,0:0:0:0:
64,192,40650,1,0,0:0:0:0:
320,192,40650,1,0,0:0:0:0:
448,192,40650,1,0,0:0:0:0:
192,192,40687,1,0,0:0:0:0:
64,192,40725,1,0,0:0:0:0:
320,192,40725,1,0,0:0:0:0:
448,192,40725,1,0,0:0:0:0:
192,192,40762,1,0,0:0:0:0:
64,192,40800,1,0,0:0:0:0:
320,192,40800,1,0,0:0:0:0:
448,192,40837,1,0,0:0:0:0:
64,192,40875,1,0,0:0:0:0:
192,192,40875,1,0,0:0:0:0:
320,192,40875,1,0,0:0:0:0:
448,192,40912,1,0,0:0:0:0:
64,192,40950,1,0,0:0:0:0:
192,192,40950,1,0,0:0:0:0:
320,192,40950,1,0,0:0:0:0:
448,192,40987,1,0,0:0:0:0:
64,192,41025,1,0,0:0:0:0:
192,192,41025,1,0,0:0:0:0:
320,192,41025,1,0,0:0:0:0:
448,192,41062,1,0,0:0:0:0:
64,192,41100,1,0,0:0:0:0:
192,192,41100,1,0,0:0:0:0:
320,192,41100,1,0,0:0:0:0:
448,192,41137,1,0,0:0:0:0:
64,192,41175,1,0,0:0:0:0:
192,192,41175,1,0,0:0:0:0:
320,192,41175,1,0,0:0:0:0:
448,192,41212,1,0,0:0:0:0:
64,192,41250,1,0,0:0:0:0:
192,192,41250,1,0,0:0:0:0:
320,192,41250,1,0,0:0:0:0:
448,192,41287,1,0,0:0:0:0:
64,192,41325,1,0,0:0:0:0:
192,192,41325,1,0,0:0:0:0:
320,192,41325,1,0,0:0:0:0:
448,192,41362,1,0,0:0:0:0:
64,192,41400,1,0,0:0:0:0:
192,192,41400,1,0,0:0:0:0:
320,192,41400,1,0,0:0:0:0:
448,192,41437,1,0,0:0:0:0:
64,192,41475,1,0,0:0:0:0:
192,192,41475,1,0,0:0:0:0:
320,192,41475,1,0,0:0:0:0:
448,192,41512,1,0,0:0:0:0:
64,192,41550,1,0,0:0:0:0:
192,192,41550,1,0,0:0:0:0:
320,192,41550,1,0,0:0:0:0:
448,192,41587,1,0,0:0:0:0:
64,192,41625,1,0,0:0:0:0:
192,192,41625,1,0,0:0:0:0:
320,192,41625,1,0,0:0:0:0:
448,192,41662,1,0,0:0:0:0:
64,192,41700,1,0,0:0:0:0:
192,192,41700,1,0,0:0:0:0:
320,192,41700,1,0,0:0:0:0:
448,192,41737,1,0,0:0:0:0:
64,192,41775,1,0,0:0:0:0:
192,192,41775,1,0,0:0:0:0:
320,192,41775,1,0,0:0:0:0:
448,192,41812,1,0,0:0:0:0:
64,192,41850,1,0,0:0:0:0:
192,192,41850,1,0,0:0:0:0:
320,192,41850,1,0,0:0:0:0:
448,192,41887,1,0,0:0:0:0:
64,192,41925,1,0,0:0:0:0:
192,192,41925,1,0,0:0:0:0:
320,192,41925,1,0,0:0:0:0:
448,192,41962,1,0,0:0:0:0:
64,192,42000,1,0,0:0:0:0:
192,192,42000,1,0,0:0:0:0:
320,192,42000,1,0,0:0:0:0:
64,192,42075,1,0,0:0:0:0:
192,192,42075,1,0,0:0:0:0:
448,192,42075,1,0,0:0:0:0:
64,192,42150,1,0,0:0:0:0:
320,192,42150,1,0,0:0:0:0:
448,192,42150,1,0,0:0:0:0:
64,192,42225,1,0,0:0:0:0:
192,192,42225,1,0,0:0:0:0:
448,192,42225,1,0,0:0:0:0:
64,192,42300,1,0,0:0:0:0:
320,192,42300,1,0,0:0:0:0:
448,192,42300,1,0,0:0:0:0:
64,192,42375,1,0,0:0:0:0:
192,192,42375,1,0,0:0:0:0:
448,192,42375,1,0,0:0:0:0:
64,192,42450,1,0,0:0:0:0:
320,192,42450,1,0,0:0:0:0:
448,192,42450,1,0,0:0:0:0:
64,192,42525,1,0,0:0:0:0:
192,192,42525,1,0,0:0:0:0:
448,192,42525,1,0,0:0:0:0:
64,192,42600,1,0,0:0:0:0:
320,192,42600,1,0,0:0:0:0:
448,192,42600,1,0,0:0:0:0:
64,192,42675,1,0,0:0:0:0:
192,192,42675,1,0,0:0:0:0:
448,192,42675,1,0,0:0:0:0:
64,192,42750,1,0,0:0:0:0:
320,192,42750,1,0,0:0:0:0:
448,192,42750,1,0,0:0:0:0:
64,192,42825,1,0,0:0:0:0:
192,192,42825,1,0,0:0:0:0:
448,192,42825,1,0,0:0:0:0:
64,192,42900,1,0,0:0:0:0:
320,192,42900,1,0,0:0:0:0:
448,192,42900,1,0,0:0:0:0:
64,192,42975,1,0,0:0:0:0:
192,192,42975,1,0,0:0:0:0:
448,192,42975,1,0,0:0:0:0:
64,192,43050,1,0,0:0:0:0:
320,192,43050,1,0,0:0:0:0:
448,192,43050,1,0,0:0:0:0:
64,192,43125,1,0,0:0:0:0:
192,192,43125,1,0,0:0:0:0:
448,192,43125,1,0,0:0:0:0:
64,192,43200,1,0,0:0:0:0:
192,192,43200,1,0,0:0:0:0:
320,192,43200,1,0,0:0:0:0:
448,192,43200,1,0,0:0:0:0:
