osu file format v14

[General]
AudioFilename: sakuzyo - Neurotoxin.mp3
AudioLeadIn: 0
PreviewTime: 62962
Countdown: 0
SampleSet: Normal
StackLeniency: 0.7
Mode: 3
LetterboxInBreaks: 0
SpecialStyle: 0
WidescreenStoryboard: 1

[Editor]
DistanceSpacing: 1
BeatDivisor: 8
GridSize: 8
TimelineZoom: 2.999999

[Metadata]
Title:[Full LN] training
TitleUnicode:[Full LN] training
Artist:Various Artist
ArtistUnicode:Various Artist
Creator:Allezard
Version:sakuzyo - Neurotoxin Lv. 2
Source:BMS
Tags:Full LN Training Various Artist Collection 4k NOODLE BMS Deemo Cytus SOUND VOLTEX II -infinite infection- beatmania IIDX
BeatmapID:819133
BeatmapSetID:368373

[Difficulty]
HPDrainRate:5
CircleSize:4
OverallDifficulty:1
ApproachRate:5
SliderMultiplier:1.4
SliderTickRate:1

[Events]
//Background and Video events
0,0,"sakuzyo - Neurotoxin.jpg",0,0
//Break Periods
//Storyboard Layer 0 (Background)
//Storyboard Layer 1 (Fail)
//Storyboard Layer 2 (Pass)
//Storyboard Layer 3 (Foreground)
//Storyboard Sound Samples

[TimingPoints]
796,333.333333333333,4,1,1,50,1,0
63462,-100,4,1,1,50,0,1
84795,-100,4,1,1,50,0,0
106462,-100,4,1,1,50,0,1
127295,-100,4,1,1,50,0,0


[HitObjects]
448,192,2795,128,0,7712:0:0:0:0:
192,192,6962,128,0,8212:0:0:0:0:
64,192,7129,128,0,10379:0:0:0:0:
320,192,7462,128,0,10045:0:0:0:0:
448,192,7795,128,0,8545:0:0:0:0:
192,192,8295,128,0,8879:0:0:0:0:
448,192,8629,128,0,9045:0:0:0:0:
192,192,8962,128,0,9545:0:0:0:0:
448,192,9129,128,0,9712:0:0:0:0:
192,192,9629,128,0,10879:0:0:0:0:
448,192,9795,128,0,11045:0:0:0:0:
320,192,10129,128,0,15379:0:0:0:0:
64,192,10462,128,0,13545:0:0:0:0:
192,192,10962,128,0,11545:0:0:0:0:
448,192,11129,128,0,11712:0:0:0:0:
192,192,11629,128,0,12212:0:0:0:0:
448,192,11795,128,0,12379:0:0:0:0:
192,192,12295,128,0,12712:0:0:0:0:
448,192,12462,128,0,13045:0:0:0:0:
192,192,12795,128,0,14212:0:0:0:0:
448,192,13129,128,0,13879:0:0:0:0:
64,192,13629,128,0,16212:0:0:0:0:
448,192,13962,128,0,14379:0:0:0:0:
192,192,14295,128,0,14879:0:0:0:0:
448,192,14462,128,0,15045:0:0:0:0:
192,192,14962,128,0,18879:0:0:0:0:
448,192,15129,128,0,15712:0:0:0:0:
320,192,15462,128,0,16795:0:0:0:0:
448,192,15795,128,0,16545:0:0:0:0:
64,192,16295,128,0,17795:0:0:0:0:
448,192,16629,128,0,18045:0:0:0:0:
320,192,17795,128,0,18379:0:0:0:0:
448,192,18129,128,0,19212:0:0:0:0:
64,192,18129,128,0,20212:0:0:0:0:
320,192,18462,128,0,27545:0:0:0:0:
192,192,18962,128,0,19545:0:0:0:0:
448,192,19295,128,0,19712:0:0:0:0:
192,192,19629,128,0,20712:0:0:0:0:
448,192,19795,128,0,20379:0:0:0:0:
64,192,20295,128,0,22879:0:0:0:0:
448,192,20462,128,0,21045:0:0:0:0:
192,192,20795,128,0,21545:0:0:0:0:
448,192,21129,128,0,21712:0:0:0:0:
192,192,21629,128,0,22212:0:0:0:0:
448,192,21795,128,0,22379:0:0:0:0:
192,192,22295,128,0,23379:0:0:0:0:
448,192,22462,128,0,23045:0:0:0:0:
64,192,22962,128,0,24879:0:0:0:0:
448,192,23129,128,0,23712:0:0:0:0:
192,192,23462,128,0,24212:0:0:0:0:
448,192,23795,128,0,24545:0:0:0:0:
192,192,24295,128,0,25545:0:0:0:0:
448,192,24629,128,0,25045:0:0:0:0:
64,192,24962,128,0,27712:0:0:0:0:
448,192,25129,128,0,25712:0:0:0:0:
192,192,25629,128,0,26045:0:0:0:0:
448,192,25795,128,0,26379:0:0:0:0:
192,192,26129,128,0,27045:0:0:0:0:
448,192,26462,128,0,26712:0:0:0:0:
448,192,26795,128,0,27212:0:0:0:0:
192,192,27129,128,0,29545:0:0:0:0:
448,192,27295,128,0,29045:0:0:0:0:
320,192,27629,128,0,28129:0:0:0:0:
64,192,27795,128,0,28462:0:0:0:0:
320,192,28462,128,0,28712:0:0:0:0:
64,192,28795,128,0,30212:0:0:0:0:
320,192,28795,128,0,31379:0:0:0:0:
448,192,29129,128,0,29879:0:0:0:0:
192,192,29629,128,0,30879:0:0:0:0:
448,192,29962,128,0,30379:0:0:0:0:
64,192,30295,128,0,32879:0:0:0:0:
448,192,30462,128,0,31045:0:0:0:0:
192,192,30962,128,0,32212:0:0:0:0:
448,192,31129,128,0,31712:0:0:0:0:
320,192,31462,128,0,36379:0:0:0:0:
448,192,31795,128,0,32379:0:0:0:0:
192,192,32295,128,0,33545:0:0:0:0:
448,192,32462,128,0,33045:0:0:0:0:
64,192,32962,128,0,35045:0:0:0:0:
448,192,33129,128,0,33712:0:0:0:0:
192,192,33629,128,0,34379:0:0:0:0:
448,192,33795,128,0,34045:0:0:0:0:
448,192,34129,128,0,34545:0:0:0:0:
192,192,34462,128,0,35712:0:0:0:0:
448,192,34629,128,0,35379:0:0:0:0:
64,192,35129,128,0,36712:0:0:0:0:
448,192,35462,128,0,35879:0:0:0:0:
192,192,35795,128,0,42545:0:0:0:0:
448,192,35962,128,0,39045:0:0:0:0:
320,192,36462,128,0,37045:0:0:0:0:
64,192,36795,128,0,37712:0:0:0:0:
320,192,37129,128,0,37379:0:0:0:0:
320,192,37462,128,0,37879:0:0:0:0:
64,192,37795,128,0,38712:0:0:0:0:
320,192,37962,128,0,38379:0:0:0:0:
320,192,38462,128,0,40795:0:0:0:0:
64,192,38795,128,0,39379:0:0:0:0:
448,192,39129,128,0,39462:0:0:0:0:
64,192,39462,128,0,42045:0:0:0:0:
64,192,42129,128,0,43212:0:0:0:0:
320,192,42129,128,0,43045:0:0:0:0:
448,192,42129,128,0,42379:0:0:0:0:
448,192,42462,128,0,47379:0:0:0:0:
192,192,42629,128,0,47879:0:0:0:0:
320,192,43129,128,0,43879:0:0:0:0:
64,192,43295,128,0,43712:0:0:0:0:
64,192,43795,128,0,44212:0:0:0:0:
320,192,43962,128,0,44462:0:0:0:0:
64,192,44295,128,0,44712:0:0:0:0:
64,192,44795,128,0,45212:0:0:0:0:
320,192,44795,128,0,45045:0:0:0:0:
320,192,45129,128,0,45712:0:0:0:0:
64,192,45295,128,0,45879:0:0:0:0:
320,192,45795,128,0,46379:0:0:0:0:
64,192,45962,128,0,46545:0:0:0:0:
320,192,46462,128,0,47129:0:0:0:0:
64,192,46629,128,0,46879:0:0:0:0:
64,192,46962,128,0,49545:0:0:0:0:
320,192,47462,128,0,51462:0:0:0:0:
448,192,47462,128,0,47712:0:0:0:0:
448,192,47795,128,0,48379:0:0:0:0:
192,192,47962,128,0,48545:0:0:0:0:
448,192,48462,128,0,49045:0:0:0:0:
192,192,48629,128,0,49212:0:0:0:0:
448,192,49129,128,0,49795:0:0:0:0:
192,192,49295,128,0,50045:0:0:0:0:
64,192,49629,128,0,52129:0:0:0:0:
448,192,50129,128,0,50379:0:0:0:0:
192,192,50129,128,0,50545:0:0:0:0:
448,192,50462,128,0,51045:0:0:0:0:
192,192,50629,128,0,51212:0:0:0:0:
448,192,51129,128,0,52462:0:0:0:0:
192,192,51295,128,0,51795:0:0:0:0:
320,192,51795,128,0,53212:0:0:0:0:
192,192,52129,128,0,57545:0:0:0:0:
64,192,52462,128,0,52712:0:0:0:0:
448,192,52795,128,0,57795:0:0:0:0:
64,192,52795,128,0,53045:0:0:0:0:
64,192,53129,128,0,53712:0:0:0:0:
320,192,53295,128,0,53879:0:0:0:0:
64,192,53795,128,0,54379:0:0:0:0:
320,192,53962,128,0,54545:0:0:0:0:
64,192,54462,128,0,55129:0:0:0:0:
320,192,54629,128,0,54879:0:0:0:0:
320,192,54962,128,0,55379:0:0:0:0:
320,192,55462,128,0,55879:0:0:0:0:
64,192,55462,128,0,55712:0:0:0:0:
64,192,55795,128,0,56379:0:0:0:0:
320,192,55962,128,0,56545:0:0:0:0:
64,192,56462,128,0,57045:0:0:0:0:
320,192,56629,128,0,57212:0:0:0:0:
64,192,57129,128,0,58045:0:0:0:0:
320,192,57295,128,0,61379:0:0:0:0:
192,192,57629,128,0,58545:0:0:0:0:
64,192,58129,128,0,59879:0:0:0:0:
448,192,58129,128,0,58379:0:0:0:0:
448,192,58462,128,0,59045:0:0:0:0:
192,192,58629,128,0,59212:0:0:0:0:
448,192,59129,128,0,59712:0:0:0:0:
192,192,59295,128,0,60212:0:0:0:0:
448,192,59795,128,0,60462:0:0:0:0:
64,192,59962,128,0,60712:0:0:0:0:
192,192,60295,128,0,61045:0:0:0:0:
64,192,60795,128,0,62212:0:0:0:0:
448,192,60795,128,0,63129:0:0:0:0:
192,192,61129,128,0,61712:0:0:0:0:
320,192,61462,128,0,61879:0:0:0:0:
192,192,61795,128,0,62045:0:0:0:0:
320,192,61962,128,0,62545:0:0:0:0:
192,192,62129,128,0,62379:0:0:0:0:
64,192,62295,128,0,62795:0:0:0:0:
192,192,62462,128,0,64879:0:0:0:0:
320,192,62629,128,0,63712:0:0:0:0:
64,192,63129,128,0,63379:0:0:0:0:
64,192,63462,128,0,64212:0:0:0:0:
448,192,63462,128,0,64545:0:0:0:0:
320,192,63795,128,0,66879:0:0:0:0:
64,192,64295,128,0,66045:0:0:0:0:
448,192,64629,128,0,65045:0:0:0:0:
192,192,64962,128,0,65712:0:0:0:0:
448,192,65129,128,0,65545:0:0:0:0:
448,192,65629,128,0,66379:0:0:0:0:
192,192,65795,128,0,66545:0:0:0:0:
64,192,66129,128,0,67045:0:0:0:0:
448,192,66462,128,0,67712:0:0:0:0:
192,192,66629,128,0,67545:0:0:0:0:
320,192,66962,128,0,68212:0:0:0:0:
64,192,67129,128,0,68379:0:0:0:0:
192,192,67629,128,0,69545:0:0:0:0:
448,192,67795,128,0,69045:0:0:0:0:
320,192,68295,128,0,68712:0:0:0:0:
64,192,68462,128,0,70379:0:0:0:0:
320,192,68795,128,0,70212:0:0:0:0:
448,192,69129,128,0,69879:0:0:0:0:
192,192,69629,128,0,70879:0:0:0:0:
448,192,69962,128,0,71045:0:0:0:0:
320,192,70295,128,0,72045:0:0:0:0:
64,192,70462,128,0,72379:0:0:0:0:
192,192,70962,128,0,71379:0:0:0:0:
448,192,71129,128,0,71712:0:0:0:0:
192,192,71462,128,0,75629:0:0:0:0:
448,192,71795,128,0,75212:0:0:0:0:
320,192,72129,128,0,72795:0:0:0:0:
64,192,72462,128,0,74045:0:0:0:0:
320,192,74129,128,0,74379:0:0:0:0:
64,192,74129,128,0,74879:0:0:0:0:
320,192,74462,128,0,76212:0:0:0:0:
64,192,74962,128,0,76462:0:0:0:0:
448,192,75295,128,0,75879:0:0:0:0:
192,192,75795,128,0,77212:0:0:0:0:
448,192,75962,128,0,77045:0:0:0:0:
320,192,76295,128,0,76712:0:0:0:0:
64,192,76795,128,0,77712:0:0:0:0:
320,192,76795,128,0,77545:0:0:0:0:
448,192,77129,128,0,78379:0:0:0:0:
192,192,77295,128,0,78212:0:0:0:0:
320,192,77629,128,0,78879:0:0:0:0:
64,192,77795,128,0,79045:0:0:0:0:
192,192,78295,128,0,80212:0:0:0:0:
448,192,78462,128,0,79379:0:0:0:0:
320,192,78962,128,0,79879:0:0:0:0:
64,192,79129,128,0,79712:0:0:0:0:
448,192,79462,128,0,80712:0:0:0:0:
64,192,79795,128,0,81545:0:0:0:0:
320,192,79962,128,0,80462:0:0:0:0:
192,192,80295,128,0,81212:0:0:0:0:
320,192,80545,128,0,81045:0:0:0:0:
448,192,80795,128,0,82045:0:0:0:0:
320,192,81129,128,0,83545:0:0:0:0:
192,192,81295,128,0,81795:0:0:0:0:
64,192,81629,128,0,83129:0:0:0:0:
192,192,81879,128,0,82379:0:0:0:0:
448,192,82129,128,0,82712:0:0:0:0:
192,192,82462,128,0,83712:0:0:0:0:
448,192,82795,128,0,83379:0:0:0:0:
64,192,83462,128,0,83879:0:0:0:0:
448,192,83462,128,0,84379:0:0:0:0:
320,192,83629,128,0,84045:0:0:0:0:
192,192,83795,128,0,85045:0:0:0:0:
64,192,83962,128,0,84212:0:0:0:0:
320,192,84129,128,0,85879:0:0:0:0:
64,192,84295,128,0,84712:0:0:0:0:
448,192,84462,128,0,85212:0:0:0:0:
64,192,84795,128,0,85545:0:0:0:0:
192,192,85129,128,0,86545:0:0:0:0:
448,192,85295,128,0,87712:0:0:0:0:
64,192,85629,128,0,87545:0:0:0:0:
320,192,85962,128,0,86712:0:0:0:0:
192,192,86629,128,0,87379:0:0:0:0:
320,192,86795,128,0,87879:0:0:0:0:
192,192,87462,128,0,88212:0:0:0:0:
64,192,87629,128,0,88545:0:0:0:0:
448,192,87795,128,0,91212:0:0:0:0:
320,192,87962,128,0,89712:0:0:0:0:
192,192,88295,128,0,89379:0:0:0:0:
64,192,88629,128,0,90379:0:0:0:0:
192,192,89462,128,0,90045:0:0:0:0:
320,192,89795,128,0,90545:0:0:0:0:
192,192,90129,128,0,90879:0:0:0:0:
64,192,90462,128,0,92712:0:0:0:0:
320,192,90629,128,0,93212:0:0:0:0:
192,192,90962,128,0,92045:0:0:0:0:
448,192,91295,128,0,92379:0:0:0:0:
192,192,92129,128,0,94879:0:0:0:0:
448,192,92462,128,0,93879:0:0:0:0:
64,192,92795,128,0,93545:0:0:0:0:
320,192,93295,128,0,95045:0:0:0:0:
64,192,93629,128,0,95379:0:0:0:0:
448,192,93962,128,0,95212:0:0:0:0:
192,192,94962,128,0,95712:0:0:0:0:
320,192,95129,128,0,95879:0:0:0:0:
448,192,95295,128,0,96212:0:0:0:0:
64,192,95462,128,0,97379:0:0:0:0:
192,192,95795,128,0,96545:0:0:0:0:
320,192,95962,128,0,98045:0:0:0:0:
448,192,96295,128,0,99212:0:0:0:0:
192,192,96629,128,0,97212:0:0:0:0:
192,192,97295,128,0,98379:0:0:0:0:
64,192,97462,128,0,98879:0:0:0:0:
320,192,98129,128,0,98545:0:0:0:0:
192,192,98462,128,0,99879:0:0:0:0:
320,192,98629,128,0,100379:0:0:0:0:
64,192,98962,128,0,104795:0:0:0:0:
448,192,99295,128,0,105379:0:0:0:0:
192,192,99962,128,0,105629:0:0:0:0:
320,192,100462,128,0,100795:0:0:0:0:
320,192,104795,128,0,106045:0:0:0:0:
64,192,105462,128,0,107712:0:0:0:0:
448,192,105462,128,0,106379:0:0:0:0:
320,192,106129,128,0,107545:0:0:0:0:
192,192,106129,128,0,106545:0:0:0:0:
448,192,106462,128,0,107212:0:0:0:0:
192,192,106629,128,0,106879:0:0:0:0:
192,192,106962,128,0,108212:0:0:0:0:
448,192,107295,128,0,108379:0:0:0:0:
320,192,107629,128,0,108712:0:0:0:0:
64,192,107795,128,0,110212:0:0:0:0:
192,192,108295,128,0,109545:0:0:0:0:
448,192,108462,128,0,109045:0:0:0:0:
320,192,108795,128,0,110379:0:0:0:0:
448,192,109129,128,0,109712:0:0:0:0:
192,192,109629,128,0,110879:0:0:0:0:
448,192,109795,128,0,111045:0:0:0:0:
64,192,110295,128,0,111379:0:0:0:0:
320,192,110462,128,0,111712:0:0:0:0:
192,192,110962,128,0,112212:0:0:0:0:
448,192,111129,128,0,112545:0:0:0:0:
64,192,111462,128,0,113045:0:0:0:0:
320,192,111795,128,0,112879:0:0:0:0:
192,192,112295,128,0,113545:0:0:0:0:
448,192,112629,128,0,113712:0:0:0:0:
320,192,112962,128,0,115712:0:0:0:0:
64,192,113129,128,0,115545:0:0:0:0:
192,192,113629,128,0,114045:0:0:0:0:
448,192,113795,128,0,114379:0:0:0:0:
192,192,114129,128,0,115045:0:0:0:0:
448,192,114462,128,0,114712:0:0:0:0:
448,192,114795,128,0,115212:0:0:0:0:
192,192,115129,128,0,116129:0:0:0:0:
448,192,115295,128,0,116712:0:0:0:0:
64,192,115629,128,0,116462:0:0:0:0:
320,192,115795,128,0,118879:0:0:0:0:
192,192,116462,128,0,118212:0:0:0:0:
64,192,116795,128,0,117545:0:0:0:0:
448,192,116795,128,0,117045:0:0:0:0:
448,192,117129,128,0,117879:0:0:0:0:
64,192,117629,128,0,119045:0:0:0:0:
448,192,117962,128,0,118379:0:0:0:0:
192,192,118295,128,0,119379:0:0:0:0:
448,192,118462,128,0,119712:0:0:0:0:
320,192,118962,128,0,123045:0:0:0:0:
64,192,119129,128,0,121712:0:0:0:0:
192,192,119462,128,0,120212:0:0:0:0:
448,192,119795,128,0,120379:0:0:0:0:
192,192,120295,128,0,120879:0:0:0:0:
448,192,120462,128,0,121045:0:0:0:0:
192,192,120962,128,0,122379:0:0:0:0:
448,192,121129,128,0,121545:0:0:0:0:
448,192,121629,128,0,122045:0:0:0:0:
64,192,121795,128,0,122879:0:0:0:0:
448,192,122129,128,0,122545:0:0:0:0:
192,192,122462,128,0,124379:0:0:0:0:
448,192,122629,128,0,123379:0:0:0:0:
64,192,122962,128,0,123879:0:0:0:0:
320,192,123129,128,0,123712:0:0:0:0:
448,192,123462,128,0,124212:0:0:0:0:
320,192,123795,128,0,124879:0:0:0:0:
64,192,123962,128,0,125045:0:0:0:0:
448,192,124295,128,0,124712:0:0:0:0:
192,192,124462,128,0,125712:0:0:0:0:
448,192,124795,128,0,125379:0:0:0:0:
320,192,124962,128,0,126212:0:0:0:0:
64,192,125129,128,0,126379:0:0:0:0:
448,192,125462,128,0,125879:0:0:0:0:
192,192,125795,128,0,126712:0:0:0:0:
448,192,125962,128,0,126879:0:0:0:0:
320,192,126295,128,0,127295:0:0:0:0:
64,192,126462,128,0,127212:0:0:0:0:
192,192,126795,128,0,127212:0:0:0:0:
448,192,126962,128,0,127295:0:0:0:0:
192,192,127295,128,0,127462:0:0:0:0:
64,192,127295,128,0,127462:0:0:0:0:
