osu file format v14

[General]
AudioFilename: Morimori Atsushi - PUPA.mp3
AudioLeadIn: 0
PreviewTime: 78395
Countdown: 0
SampleSet: None
StackLeniency: 0.7
Mode: 3
LetterboxInBreaks: 0
SpecialStyle: 0
WidescreenStoryboard: 0

[Editor]
DistanceSpacing: 1.7
BeatDivisor: 4
GridSize: 32
TimelineZoom: 4.399998

[Metadata]
Title:[Full LN] training
TitleUnicode:[Full LN] training
Artist:Various Artist
ArtistUnicode:Various Artist
Creator:Allezard
Version:Morimori Atsushi - PUPA Lv. 5
Source:BMS
Tags:Full LN Training Various Artist Collection 4k NOODLE BMS Deemo Cytus SOUND VOLTEX II -infinite infection- beatmania IIDX
BeatmapID:819066
BeatmapSetID:368373

[Difficulty]
HPDrainRate:8
CircleSize:4
OverallDifficulty:1
ApproachRate:5
SliderMultiplier:1.4
SliderTickRate:1

[Events]
//Background and Video events
0,0,"Morimori Atsushi - PUPA.jpg",0,0
//Break Periods
//Storyboard Layer 0 (Background)
//Storyboard Layer 1 (Fail)
//Storyboard Layer 2 (Pass)
//Storyboard Layer 3 (Foreground)
//Storyboard Sound Samples

[TimingPoints]
2504,297.029702970297,4,3,0,20,1,0
78543,-100,4,3,0,20,0,1
86860,-100,4,3,0,20,0,0
88048,-100,4,3,0,20,0,1
97553,-100,4,3,0,20,0,0
107058,-100,4,3,0,20,0,1
116563,-100,4,3,0,20,0,0


[HitObjects]
320,192,2206,128,0,2281:0:0:0:0:
329,192,2355,128,0,2578:0:0:0:0:
36,192,2504,128,0,2875:0:0:0:0:
192,192,2504,128,0,2875:0:0:0:0:
329,192,2652,128,0,2726:0:0:0:0:
475,192,2726,128,0,3023:0:0:0:0:
329,192,2801,128,0,3098:0:0:0:0:
192,192,2949,128,0,3320:0:0:0:0:
36,192,2949,128,0,3320:0:0:0:0:
475,192,3098,128,0,3172:0:0:0:0:
256,192,3172,128,0,4805:0:0:0:0:
448,192,3246,128,0,4805:0:0:0:0:
182,192,3395,128,0,4508:0:0:0:0:
64,192,3395,128,0,4954:0:0:0:0:
182,192,4583,128,0,4657:0:0:0:0:
192,192,4731,128,0,5028:0:0:0:0:
256,192,4880,128,0,5251:0:0:0:0:
448,192,4880,128,0,5251:0:0:0:0:
64,192,5028,128,0,5103:0:0:0:0:
192,192,5103,128,0,5400:0:0:0:0:
64,192,5177,128,0,5474:0:0:0:0:
256,192,5325,128,0,5697:0:0:0:0:
448,192,5325,128,0,5697:0:0:0:0:
192,192,5474,128,0,5548:0:0:0:0:
64,192,5548,128,0,7330:0:0:0:0:
192,192,5622,128,0,7182:0:0:0:0:
402,192,5771,128,0,7182:0:0:0:0:
329,192,5771,128,0,6885:0:0:0:0:
329,192,6959,128,0,7033:0:0:0:0:
256,192,7107,128,0,7627:0:0:0:0:
192,192,7256,128,0,7404:0:0:0:0:
402,192,7256,128,0,7627:0:0:0:0:
36,192,7404,128,0,7479:0:0:0:0:
192,192,7479,128,0,7776:0:0:0:0:
64,192,7553,128,0,7850:0:0:0:0:
320,192,7702,128,0,8073:0:0:0:0:
402,192,7702,128,0,8073:0:0:0:0:
192,192,7850,128,0,7924:0:0:0:0:
109,192,7924,128,0,9558:0:0:0:0:
192,192,7999,128,0,9558:0:0:0:0:
329,192,8147,128,0,9261:0:0:0:0:
475,192,8147,128,0,9781:0:0:0:0:
329,192,9335,128,0,9409:0:0:0:0:
329,192,9484,128,0,9706:0:0:0:0:
109,192,9632,128,0,10004:0:0:0:0:
192,192,9632,128,0,10004:0:0:0:0:
329,192,9781,128,0,9855:0:0:0:0:
475,192,9855,128,0,10152:0:0:0:0:
329,192,9929,128,0,10226:0:0:0:0:
109,192,10078,128,0,10449:0:0:0:0:
192,192,10078,128,0,11637:0:0:0:0:
475,192,10226,128,0,10301:0:0:0:0:
256,192,10301,128,0,10449:0:0:0:0:
402,192,10375,128,0,10523:0:0:0:0:
109,192,10523,128,0,11934:0:0:0:0:
256,192,10523,128,0,12231:0:0:0:0:
192,192,11711,128,0,11934:0:0:0:0:
402,192,11711,128,0,11934:0:0:0:0:
448,192,12008,128,0,12528:0:0:0:0:
192,192,12008,128,0,12380:0:0:0:0:
109,192,12008,128,0,12380:0:0:0:0:
329,192,12305,128,0,12454:0:0:0:0:
192,192,12454,128,0,13122:0:0:0:0:
36,192,12454,128,0,12677:0:0:0:0:
320,192,12528,128,0,12974:0:0:0:0:
448,192,12603,128,0,13271:0:0:0:0:
109,192,12751,128,0,13122:0:0:0:0:
320,192,13048,128,0,13419:0:0:0:0:
64,192,13197,128,0,13568:0:0:0:0:
192,192,13197,128,0,13568:0:0:0:0:
448,192,13345,128,0,13865:0:0:0:0:
320,192,13494,128,0,13642:0:0:0:0:
192,192,13642,128,0,13716:0:0:0:0:
36,192,13642,128,0,14310:0:0:0:0:
256,192,13716,128,0,14013:0:0:0:0:
192,192,13791,128,0,14162:0:0:0:0:
402,192,13939,128,0,14310:0:0:0:0:
320,192,14088,128,0,14459:0:0:0:0:
192,192,14236,128,0,14904:0:0:0:0:
448,192,14385,128,0,15053:0:0:0:0:
64,192,14385,128,0,14607:0:0:0:0:
320,192,14533,128,0,14756:0:0:0:0:
36,192,14682,128,0,14756:0:0:0:0:
320,192,14830,128,0,14979:0:0:0:0:
109,192,14830,128,0,15499:0:0:0:0:
192,192,14979,128,0,15350:0:0:0:0:
256,192,15053,128,0,15202:0:0:0:0:
475,192,15127,128,0,15499:0:0:0:0:
256,192,15276,128,0,15944:0:0:0:0:
182,192,15424,128,0,15647:0:0:0:0:
64,192,15573,128,0,16093:0:0:0:0:
402,192,15573,128,0,15647:0:0:0:0:
448,192,15721,128,0,15944:0:0:0:0:
192,192,15721,128,0,16167:0:0:0:0:
320,192,16018,128,0,16241:0:0:0:0:
448,192,16018,128,0,16315:0:0:0:0:
64,192,16167,128,0,16538:0:0:0:0:
192,192,16241,128,0,16464:0:0:0:0:
320,192,16315,128,0,16390:0:0:0:0:
475,192,16390,128,0,16687:0:0:0:0:
320,192,16464,128,0,16687:0:0:0:0:
192,192,16538,128,0,16612:0:0:0:0:
64,192,16612,128,0,16835:0:0:0:0:
192,192,16687,128,0,16761:0:0:0:0:
320,192,16761,128,0,17058:0:0:0:0:
475,192,16761,128,0,16984:0:0:0:0:
192,192,16835,128,0,16909:0:0:0:0:
64,192,16909,128,0,17504:0:0:0:0:
192,192,16984,128,0,17132:0:0:0:0:
448,192,17058,128,0,17281:0:0:0:0:
320,192,17132,128,0,17206:0:0:0:0:
192,192,17206,128,0,17429:0:0:0:0:
320,192,17281,128,0,17355:0:0:0:0:
448,192,17355,128,0,17726:0:0:0:0:
320,192,17429,128,0,17652:0:0:0:0:
192,192,17504,128,0,17578:0:0:0:0:
64,192,17578,128,0,17875:0:0:0:0:
192,192,17652,128,0,17875:0:0:0:0:
256,192,17726,128,0,17801:0:0:0:0:
448,192,17801,128,0,17949:0:0:0:0:
320,192,17875,128,0,18023:0:0:0:0:
64,192,17949,128,0,18840:0:0:0:0:
192,192,17949,128,0,18098:0:0:0:0:
448,192,18023,128,0,18246:0:0:0:0:
320,192,18098,128,0,18172:0:0:0:0:
192,192,18172,128,0,18320:0:0:0:0:
320,192,18246,128,0,18395:0:0:0:0:
448,192,18320,128,0,18469:0:0:0:0:
192,192,18395,128,0,18617:0:0:0:0:
320,192,18469,128,0,18543:0:0:0:0:
448,192,18543,128,0,18914:0:0:0:0:
320,192,18617,128,0,18692:0:0:0:0:
192,192,18692,128,0,18766:0:0:0:0:
320,192,18766,128,0,18989:0:0:0:0:
192,192,18840,128,0,19063:0:0:0:0:
64,192,18914,128,0,19063:0:0:0:0:
402,192,18989,128,0,19211:0:0:0:0:
320,192,19063,128,0,19137:0:0:0:0:
109,192,19137,128,0,19731:0:0:0:0:
182,192,19137,128,0,19508:0:0:0:0:
256,192,19211,128,0,19286:0:0:0:0:
475,192,19286,128,0,19360:0:0:0:0:
329,192,19360,128,0,19434:0:0:0:0:
475,192,19434,128,0,19805:0:0:0:0:
320,192,19508,128,0,19583:0:0:0:0:
192,192,19583,128,0,19657:0:0:0:0:
329,192,19657,128,0,19880:0:0:0:0:
182,192,19731,128,0,19954:0:0:0:0:
109,192,19805,128,0,20103:0:0:0:0:
402,192,19880,128,0,19954:0:0:0:0:
256,192,19954,128,0,20103:0:0:0:0:
475,192,20028,128,0,20771:0:0:0:0:
182,192,20028,128,0,20400:0:0:0:0:
36,192,20177,128,0,20697:0:0:0:0:
329,192,20177,128,0,20474:0:0:0:0:
192,192,20474,128,0,20548:0:0:0:0:
320,192,20548,128,0,20622:0:0:0:0:
182,192,20622,128,0,20697:0:0:0:0:
329,192,20697,128,0,20771:0:0:0:0:
36,192,20771,128,0,20845:0:0:0:0:
182,192,20771,128,0,21216:0:0:0:0:
320,192,20845,128,0,20919:0:0:0:0:
402,192,20845,128,0,21291:0:0:0:0:
109,192,20919,128,0,20994:0:0:0:0:
329,192,20994,128,0,21068:0:0:0:0:
36,192,21068,128,0,21365:0:0:0:0:
320,192,21216,128,0,21439:0:0:0:0:
192,192,21291,128,0,21662:0:0:0:0:
448,192,21365,128,0,21662:0:0:0:0:
320,192,21513,128,0,22033:0:0:0:0:
109,192,21513,128,0,22330:0:0:0:0:
448,192,21810,128,0,22627:0:0:0:0:
192,192,21810,128,0,22033:0:0:0:0:
320,192,22107,128,0,22924:0:0:0:0:
192,192,22107,128,0,22330:0:0:0:0:
36,192,22404,128,0,22627:0:0:0:0:
192,192,22404,128,0,23221:0:0:0:0:
36,192,22702,128,0,22924:0:0:0:0:
402,192,22702,128,0,23518:0:0:0:0:
320,192,22999,128,0,23221:0:0:0:0:
109,192,22999,128,0,23815:0:0:0:0:
320,192,23296,128,0,24112:0:0:0:0:
192,192,23296,128,0,23518:0:0:0:0:
192,192,23593,128,0,24409:0:0:0:0:
475,192,23593,128,0,23815:0:0:0:0:
64,192,23890,128,0,24706:0:0:0:0:
475,192,23890,128,0,24112:0:0:0:0:
402,192,24187,128,0,24706:0:0:0:0:
320,192,24187,128,0,24409:0:0:0:0:
320,192,24484,128,0,25301:0:0:0:0:
192,192,24484,128,0,25004:0:0:0:0:
64,192,24781,128,0,25301:0:0:0:0:
475,192,24781,128,0,25004:0:0:0:0:
192,192,25078,128,0,25598:0:0:0:0:
475,192,25078,128,0,25598:0:0:0:0:
329,192,25375,128,0,26043:0:0:0:0:
64,192,25375,128,0,25895:0:0:0:0:
182,192,25672,128,0,26266:0:0:0:0:
402,192,25672,128,0,25895:0:0:0:0:
402,192,25969,128,0,26637:0:0:0:0:
36,192,25969,128,0,26192:0:0:0:0:
329,192,26117,128,0,26489:0:0:0:0:
36,192,26266,128,0,26489:0:0:0:0:
256,192,26563,128,0,26934:0:0:0:0:
36,192,26563,128,0,26786:0:0:0:0:
192,192,26563,128,0,27305:0:0:0:0:
475,192,26711,128,0,27380:0:0:0:0:
36,192,26860,128,0,27083:0:0:0:0:
320,192,27008,128,0,27231:0:0:0:0:
36,192,27157,128,0,27380:0:0:0:0:
320,192,27305,128,0,27454:0:0:0:0:
192,192,27380,128,0,27528:0:0:0:0:
36,192,27454,128,0,27677:0:0:0:0:
448,192,27454,128,0,27825:0:0:0:0:
192,192,27603,128,0,27974:0:0:0:0:
64,192,27751,128,0,28122:0:0:0:0:
448,192,27900,128,0,28419:0:0:0:0:
192,192,28048,128,0,28271:0:0:0:0:
109,192,28197,128,0,28568:0:0:0:0:
192,192,28345,128,0,28642:0:0:0:0:
402,192,28494,128,0,28865:0:0:0:0:
329,192,28642,128,0,29013:0:0:0:0:
109,192,28642,128,0,29162:0:0:0:0:
192,192,28939,128,0,29310:0:0:0:0:
448,192,28939,128,0,29459:0:0:0:0:
320,192,29088,128,0,29830:0:0:0:0:
109,192,29236,128,0,30053:0:0:0:0:
192,192,29385,128,0,29607:0:0:0:0:
402,192,29533,128,0,29756:0:0:0:0:
192,192,29682,128,0,29904:0:0:0:0:
402,192,29830,128,0,30350:0:0:0:0:
182,192,29979,128,0,30424:0:0:0:0:
64,192,30127,128,0,30573:0:0:0:0:
448,192,30424,128,0,30647:0:0:0:0:
192,192,30499,128,0,30944:0:0:0:0:
109,192,30647,128,0,30796:0:0:0:0:
448,192,30721,128,0,30944:0:0:0:0:
64,192,30870,128,0,31538:0:0:0:0:
448,192,31018,128,0,31835:0:0:0:0:
320,192,31018,128,0,31241:0:0:0:0:
192,192,31018,128,0,31241:0:0:0:0:
329,192,31315,128,0,31538:0:0:0:0:
192,192,31315,128,0,31835:0:0:0:0:
320,192,31612,128,0,32132:0:0:0:0:
64,192,31612,128,0,32132:0:0:0:0:
448,192,31909,128,0,33023:0:0:0:0:
192,192,31909,128,0,32429:0:0:0:0:
320,192,32206,128,0,32726:0:0:0:0:
109,192,32206,128,0,32429:0:0:0:0:
192,192,32504,128,0,32726:0:0:0:0:
64,192,32504,128,0,33320:0:0:0:0:
192,192,32801,128,0,33320:0:0:0:0:
320,192,32801,128,0,33023:0:0:0:0:
329,192,33098,128,0,33617:0:0:0:0:
448,192,33098,128,0,33617:0:0:0:0:
192,192,33395,128,0,33914:0:0:0:0:
64,192,33395,128,0,33914:0:0:0:0:
320,192,33692,128,0,34211:0:0:0:0:
448,192,33692,128,0,34508:0:0:0:0:
192,192,33989,128,0,34211:0:0:0:0:
64,192,33989,128,0,34508:0:0:0:0:
320,192,34286,128,0,34805:0:0:0:0:
192,192,34286,128,0,34805:0:0:0:0:
64,192,34583,128,0,35103:0:0:0:0:
448,192,34583,128,0,35400:0:0:0:0:
320,192,34880,128,0,35103:0:0:0:0:
192,192,34880,128,0,35400:0:0:0:0:
320,192,35177,128,0,35697:0:0:0:0:
64,192,35177,128,0,35697:0:0:0:0:
448,192,35474,128,0,35919:0:0:0:0:
192,192,35474,128,0,35771:0:0:0:0:
320,192,35771,128,0,35845:0:0:0:0:
64,192,35771,128,0,35994:0:0:0:0:
192,192,35845,128,0,36068:0:0:0:0:
320,192,35919,128,0,36142:0:0:0:0:
448,192,35994,128,0,36216:0:0:0:0:
64,192,36068,128,0,36291:0:0:0:0:
192,192,36142,128,0,36365:0:0:0:0:
320,192,36216,128,0,36439:0:0:0:0:
448,192,36291,128,0,36513:0:0:0:0:
64,192,36365,128,0,36588:0:0:0:0:
192,192,36439,128,0,36662:0:0:0:0:
320,192,36513,128,0,36736:0:0:0:0:
448,192,36588,128,0,36810:0:0:0:0:
64,192,36662,128,0,36885:0:0:0:0:
192,192,36736,128,0,37107:0:0:0:0:
256,192,36810,128,0,37033:0:0:0:0:
448,192,36885,128,0,36959:0:0:0:0:
109,192,36959,128,0,37256:0:0:0:0:
448,192,37033,128,0,37479:0:0:0:0:
320,192,37107,128,0,37182:0:0:0:0:
182,192,37182,128,0,37330:0:0:0:0:
256,192,37256,128,0,37404:0:0:0:0:
109,192,37330,128,0,38073:0:0:0:0:
192,192,37404,128,0,37553:0:0:0:0:
320,192,37479,128,0,37627:0:0:0:0:
448,192,37553,128,0,37702:0:0:0:0:
192,192,37627,128,0,37850:0:0:0:0:
320,192,37702,128,0,37776:0:0:0:0:
448,192,37776,128,0,37999:0:0:0:0:
329,192,37850,128,0,37924:0:0:0:0:
192,192,37924,128,0,38073:0:0:0:0:
329,192,37999,128,0,38370:0:0:0:0:
402,192,38073,128,0,38370:0:0:0:0:
182,192,38147,128,0,38518:0:0:0:0:
109,192,38147,128,0,38518:0:0:0:0:
329,192,38444,128,0,38667:0:0:0:0:
402,192,38444,128,0,38815:0:0:0:0:
182,192,38593,128,0,38741:0:0:0:0:
109,192,38593,128,0,39112:0:0:0:0:
329,192,38741,128,0,38815:0:0:0:0:
182,192,38815,128,0,39112:0:0:0:0:
320,192,38890,128,0,39335:0:0:0:0:
475,192,38890,128,0,39261:0:0:0:0:
192,192,39187,128,0,39409:0:0:0:0:
36,192,39187,128,0,39261:0:0:0:0:
64,192,39335,128,0,39484:0:0:0:0:
448,192,39335,128,0,39706:0:0:0:0:
320,192,39409,128,0,39632:0:0:0:0:
182,192,39484,128,0,39558:0:0:0:0:
64,192,39558,128,0,39855:0:0:0:0:
192,192,39632,128,0,39929:0:0:0:0:
320,192,39706,128,0,39781:0:0:0:0:
448,192,39781,128,0,40078:0:0:0:0:
320,192,39855,128,0,40004:0:0:0:0:
64,192,39929,128,0,40152:0:0:0:0:
182,192,40004,128,0,40301:0:0:0:0:
320,192,40078,128,0,40226:0:0:0:0:
448,192,40152,128,0,40449:0:0:0:0:
64,192,40226,128,0,40375:0:0:0:0:
320,192,40301,128,0,40449:0:0:0:0:
192,192,40375,128,0,40598:0:0:0:0:
109,192,40449,128,0,41043:0:0:0:0:
320,192,40523,128,0,40746:0:0:0:0:
402,192,40523,128,0,40895:0:0:0:0:
182,192,40672,128,0,41340:0:0:0:0:
329,192,40820,128,0,41192:0:0:0:0:
402,192,40969,128,0,42083:0:0:0:0:
36,192,41117,128,0,41489:0:0:0:0:
256,192,41266,128,0,41637:0:0:0:0:
192,192,41414,128,0,42825:0:0:0:0:
109,192,41563,128,0,41786:0:0:0:0:
256,192,41711,128,0,41934:0:0:0:0:
36,192,41860,128,0,42825:0:0:0:0:
329,192,42008,128,0,43271:0:0:0:0:
448,192,42157,128,0,42974:0:0:0:0:
109,192,42900,128,0,43865:0:0:0:0:
192,192,42900,128,0,43122:0:0:0:0:
402,192,43048,128,0,43568:0:0:0:0:
182,192,43197,128,0,43419:0:0:0:0:
256,192,43345,128,0,43716:0:0:0:0:
182,192,43494,128,0,44013:0:0:0:0:
475,192,43642,128,0,44607:0:0:0:0:
329,192,43791,128,0,44162:0:0:0:0:
36,192,43939,128,0,44459:0:0:0:0:
182,192,44088,128,0,44310:0:0:0:0:
320,192,44236,128,0,45202:0:0:0:0:
192,192,44385,128,0,44607:0:0:0:0:
109,192,44533,128,0,44756:0:0:0:0:
448,192,44682,128,0,44756:0:0:0:0:
192,192,44682,128,0,45202:0:0:0:0:
109,192,44830,128,0,45350:0:0:0:0:
402,192,44830,128,0,45647:0:0:0:0:
182,192,45276,128,0,46241:0:0:0:0:
256,192,45276,128,0,45499:0:0:0:0:
109,192,45424,128,0,45796:0:0:0:0:
256,192,45573,128,0,45944:0:0:0:0:
475,192,45721,128,0,46538:0:0:0:0:
36,192,45870,128,0,46093:0:0:0:0:
329,192,46018,128,0,46390:0:0:0:0:
64,192,46167,128,0,46984:0:0:0:0:
192,192,46315,128,0,46687:0:0:0:0:
320,192,46464,128,0,46835:0:0:0:0:
448,192,46612,128,0,46984:0:0:0:0:
182,192,46761,128,0,47578:0:0:0:0:
256,192,46909,128,0,47578:0:0:0:0:
402,192,47058,128,0,47726:0:0:0:0:
109,192,47058,128,0,48172:0:0:0:0:
192,192,47652,128,0,47875:0:0:0:0:
329,192,47652,128,0,48320:0:0:0:0:
402,192,47801,128,0,48023:0:0:0:0:
182,192,47949,128,0,48914:0:0:0:0:
402,192,48098,128,0,48766:0:0:0:0:
109,192,48246,128,0,48469:0:0:0:0:
256,192,48395,128,0,48617:0:0:0:0:
36,192,48543,128,0,49360:0:0:0:0:
329,192,48692,128,0,49063:0:0:0:0:
475,192,48840,128,0,49211:0:0:0:0:
192,192,48989,128,0,50697:0:0:0:0:
256,192,49137,128,0,49360:0:0:0:0:
402,192,49286,128,0,49954:0:0:0:0:
109,192,49434,128,0,49508:0:0:0:0:
329,192,49434,128,0,49508:0:0:0:0:
109,192,49583,128,0,49954:0:0:0:0:
329,192,49583,128,0,50251:0:0:0:0:
64,192,50028,128,0,50251:0:0:0:0:
448,192,50028,128,0,50400:0:0:0:0:
109,192,50325,128,0,50400:0:0:0:0:
320,192,50325,128,0,50697:0:0:0:0:
109,192,50474,128,0,50845:0:0:0:0:
402,192,50474,128,0,51291:0:0:0:0:
329,192,50771,128,0,51142:0:0:0:0:
192,192,50771,128,0,50845:0:0:0:0:
36,192,50919,128,0,51142:0:0:0:0:
192,192,50919,128,0,51291:0:0:0:0:
64,192,51216,128,0,51736:0:0:0:0:
320,192,51216,128,0,51736:0:0:0:0:
192,192,51365,128,0,51588:0:0:0:0:
448,192,51365,128,0,51588:0:0:0:0:
402,192,51662,128,0,52330:0:0:0:0:
192,192,51662,128,0,52033:0:0:0:0:
109,192,51810,128,0,52330:0:0:0:0:
329,192,51810,128,0,52033:0:0:0:0:
256,192,52107,128,0,52627:0:0:0:0:
192,192,52107,128,0,52627:0:0:0:0:
109,192,52404,128,0,52776:0:0:0:0:
448,192,52404,128,0,53073:0:0:0:0:
182,192,52702,128,0,52776:0:0:0:0:
329,192,52702,128,0,53221:0:0:0:0:
64,192,52850,128,0,53073:0:0:0:0:
182,192,52850,128,0,53518:0:0:0:0:
64,192,53147,128,0,53221:0:0:0:0:
448,192,53147,128,0,53964:0:0:0:0:
36,192,53296,128,0,53518:0:0:0:0:
256,192,53296,128,0,53667:0:0:0:0:
64,192,53593,128,0,54409:0:0:0:0:
192,192,53593,128,0,53667:0:0:0:0:
256,192,53741,128,0,54112:0:0:0:0:
182,192,53741,128,0,53964:0:0:0:0:
475,192,54038,128,0,54112:0:0:0:0:
182,192,54038,128,0,54409:0:0:0:0:
320,192,54187,128,0,54261:0:0:0:0:
448,192,54187,128,0,54706:0:0:0:0:
329,192,54335,128,0,54558:0:0:0:0:
64,192,54484,128,0,54706:0:0:0:0:
192,192,54484,128,0,54558:0:0:0:0:
256,192,54632,128,0,55004:0:0:0:0:
182,192,54632,128,0,55152:0:0:0:0:
448,192,54781,128,0,55449:0:0:0:0:
64,192,54781,128,0,55004:0:0:0:0:
256,192,55078,128,0,55895:0:0:0:0:
36,192,55078,128,0,55152:0:0:0:0:
64,192,55226,128,0,55598:0:0:0:0:
192,192,55226,128,0,55449:0:0:0:0:
448,192,55523,128,0,55598:0:0:0:0:
192,192,55523,128,0,56043:0:0:0:0:
402,192,55672,128,0,56043:0:0:0:0:
36,192,55672,128,0,55895:0:0:0:0:
109,192,55969,128,0,56786:0:0:0:0:
320,192,55969,128,0,56340:0:0:0:0:
448,192,56117,128,0,56340:0:0:0:0:
182,192,56117,128,0,56489:0:0:0:0:
475,192,56414,128,0,56489:0:0:0:0:
329,192,56414,128,0,57157:0:0:0:0:
402,192,56563,128,0,56934:0:0:0:0:
192,192,56563,128,0,56860:0:0:0:0:
64,192,56860,128,0,57380:0:0:0:0:
182,192,56934,128,0,57083:0:0:0:0:
448,192,57008,128,0,57751:0:0:0:0:
192,192,57157,128,0,57231:0:0:0:0:
256,192,57231,128,0,57305:0:0:0:0:
192,192,57305,128,0,57454:0:0:0:0:
320,192,57380,128,0,57528:0:0:0:0:
64,192,57454,128,0,57603:0:0:0:0:
192,192,57528,128,0,57677:0:0:0:0:
320,192,57603,128,0,57900:0:0:0:0:
64,192,57677,128,0,57825:0:0:0:0:
192,192,57751,128,0,58568:0:0:0:0:
402,192,57825,128,0,58419:0:0:0:0:
64,192,57900,128,0,57974:0:0:0:0:
329,192,57974,128,0,58048:0:0:0:0:
109,192,58048,128,0,58122:0:0:0:0:
320,192,58122,128,0,58419:0:0:0:0:
36,192,58197,128,0,58568:0:0:0:0:
320,192,58494,128,0,58716:0:0:0:0:
402,192,58494,128,0,58716:0:0:0:0:
64,192,58642,128,0,59162:0:0:0:0:
182,192,58642,128,0,58865:0:0:0:0:
256,192,58791,128,0,58939:0:0:0:0:
448,192,58791,128,0,59013:0:0:0:0:
182,192,58939,128,0,59904:0:0:0:0:
320,192,59013,128,0,59236:0:0:0:0:
448,192,59088,128,0,59459:0:0:0:0:
64,192,59236,128,0,63914:0:0:0:0:
329,192,59533,128,0,61093:0:0:0:0:
448,192,59533,128,0,60647:0:0:0:0:
182,192,59979,128,0,60202:0:0:0:0:
182,192,60276,128,0,61390:0:0:0:0:
448,192,60721,128,0,61835:0:0:0:0:
329,192,61167,128,0,62281:0:0:0:0:
182,192,61464,128,0,62578:0:0:0:0:
402,192,61909,128,0,63023:0:0:0:0:
320,192,62355,128,0,63320:0:0:0:0:
192,192,62652,128,0,63617:0:0:0:0:
448,192,63098,128,0,64211:0:0:0:0:
329,192,63395,128,0,64657:0:0:0:0:
182,192,63692,128,0,65845:0:0:0:0:
64,192,63989,128,0,64954:0:0:0:0:
402,192,64286,128,0,65400:0:0:0:0:
256,192,64731,128,0,66142:0:0:0:0:
109,192,65028,128,0,68667:0:0:0:0:
448,192,65474,128,0,66588:0:0:0:0:
192,192,65919,128,0,67330:0:0:0:0:
329,192,66216,128,0,67033:0:0:0:0:
475,192,66662,128,0,67776:0:0:0:0:
320,192,67107,128,0,68370:0:0:0:0:
192,192,67404,128,0,68073:0:0:0:0:
448,192,67850,128,0,69261:0:0:0:0:
182,192,68147,128,0,70746:0:0:0:0:
320,192,68444,128,0,68964:0:0:0:0:
36,192,68741,128,0,68964:0:0:0:0:
36,192,69038,128,0,69558:0:0:0:0:
329,192,69038,128,0,70449:0:0:0:0:
402,192,69335,128,0,69855:0:0:0:0:
109,192,69632,128,0,70152:0:0:0:0:
402,192,69929,128,0,71043:0:0:0:0:
64,192,70226,128,0,72528:0:0:0:0:
256,192,70523,128,0,71340:0:0:0:0:
182,192,70820,128,0,71340:0:0:0:0:
475,192,71117,128,0,71637:0:0:0:0:
192,192,71414,128,0,71934:0:0:0:0:
329,192,71414,128,0,72231:0:0:0:0:
448,192,71711,128,0,74607:0:0:0:0:
182,192,72008,128,0,72825:0:0:0:0:
320,192,72305,128,0,73122:0:0:0:0:
36,192,72603,128,0,73419:0:0:0:0:
182,192,72900,128,0,73716:0:0:0:0:
256,192,73197,128,0,73716:0:0:0:0:
64,192,73494,128,0,74013:0:0:0:0:
256,192,73791,128,0,74607:0:0:0:0:
192,192,73791,128,0,74310:0:0:0:0:
64,192,74088,128,0,74830:0:0:0:0:
192,192,74385,128,0,74830:0:0:0:0:
320,192,74682,128,0,74756:0:0:0:0:
448,192,74682,128,0,74756:0:0:0:0:
329,192,74830,128,0,74904:0:0:0:0:
402,192,74830,128,0,74904:0:0:0:0:
182,192,74904,128,0,75202:0:0:0:0:
64,192,74904,128,0,75796:0:0:0:0:
320,192,74979,128,0,75944:0:0:0:0:
475,192,74979,128,0,75499:0:0:0:0:
192,192,75276,128,0,75796:0:0:0:0:
448,192,75573,128,0,75944:0:0:0:0:
182,192,75870,128,0,76018:0:0:0:0:
64,192,75870,128,0,76018:0:0:0:0:
256,192,76018,128,0,76093:0:0:0:0:
475,192,76018,128,0,76093:0:0:0:0:
182,192,76093,128,0,76241:0:0:0:0:
36,192,76093,128,0,76241:0:0:0:0:
320,192,76167,128,0,76390:0:0:0:0:
448,192,76167,128,0,76538:0:0:0:0:
192,192,76315,128,0,76687:0:0:0:0:
36,192,76315,128,0,76538:0:0:0:0:
320,192,76464,128,0,76835:0:0:0:0:
36,192,76612,128,0,76835:0:0:0:0:
475,192,76612,128,0,76984:0:0:0:0:
192,192,76761,128,0,77132:0:0:0:0:
256,192,76909,128,0,77132:0:0:0:0:
36,192,76909,128,0,77355:0:0:0:0:
448,192,77058,128,0,77429:0:0:0:0:
256,192,77206,128,0,77504:0:0:0:0:
182,192,77206,128,0,77578:0:0:0:0:
402,192,77504,128,0,78172:0:0:0:0:
109,192,77504,128,0,77578:0:0:0:0:
329,192,77578,128,0,77875:0:0:0:0:
192,192,77652,128,0,77875:0:0:0:0:
36,192,77652,128,0,78469:0:0:0:0:
320,192,77949,128,0,78172:0:0:0:0:
182,192,77949,128,0,78914:0:0:0:0:
402,192,78246,128,0,78469:0:0:0:0:
256,192,78246,128,0,78469:0:0:0:0:
448,192,78543,128,0,79063:0:0:0:0:
36,192,78543,128,0,78766:0:0:0:0:
256,192,78543,128,0,78766:0:0:0:0:
320,192,78840,128,0,79360:0:0:0:0:
109,192,78840,128,0,79063:0:0:0:0:
192,192,78989,128,0,79360:0:0:0:0:
448,192,79137,128,0,79211:0:0:0:0:
64,192,79137,128,0,79508:0:0:0:0:
475,192,79286,128,0,79657:0:0:0:0:
329,192,79434,128,0,79657:0:0:0:0:
192,192,79434,128,0,79805:0:0:0:0:
64,192,79583,128,0,79954:0:0:0:0:
475,192,79731,128,0,79954:0:0:0:0:
256,192,79731,128,0,80103:0:0:0:0:
192,192,79880,128,0,80548:0:0:0:0:
475,192,80028,128,0,80251:0:0:0:0:
109,192,80028,128,0,80251:0:0:0:0:
320,192,80177,128,0,80400:0:0:0:0:
64,192,80325,128,0,80548:0:0:0:0:
448,192,80325,128,0,80994:0:0:0:0:
320,192,80474,128,0,80697:0:0:0:0:
36,192,80622,128,0,80845:0:0:0:0:
192,192,80622,128,0,80771:0:0:0:0:
329,192,80771,128,0,80845:0:0:0:0:
192,192,80845,128,0,81142:0:0:0:0:
36,192,80919,128,0,81439:0:0:0:0:
320,192,80919,128,0,81142:0:0:0:0:
402,192,81068,128,0,81439:0:0:0:0:
256,192,81216,128,0,81291:0:0:0:0:
192,192,81216,128,0,81588:0:0:0:0:
320,192,81365,128,0,81736:0:0:0:0:
448,192,81513,128,0,81736:0:0:0:0:
109,192,81513,128,0,81885:0:0:0:0:
182,192,81662,128,0,82033:0:0:0:0:
402,192,81810,128,0,82033:0:0:0:0:
320,192,81810,128,0,82182:0:0:0:0:
64,192,81959,128,0,82330:0:0:0:0:
192,192,82107,128,0,82330:0:0:0:0:
402,192,82107,128,0,82627:0:0:0:0:
320,192,82256,128,0,82479:0:0:0:0:
192,192,82404,128,0,82776:0:0:0:0:
109,192,82404,128,0,82627:0:0:0:0:
320,192,82553,128,0,82924:0:0:0:0:
402,192,82702,128,0,82924:0:0:0:0:
109,192,82702,128,0,83221:0:0:0:0:
192,192,82850,128,0,83073:0:0:0:0:
448,192,82999,128,0,83221:0:0:0:0:
256,192,82999,128,0,83147:0:0:0:0:
192,192,83147,128,0,83370:0:0:0:0:
256,192,83221,128,0,83518:0:0:0:0:
448,192,83296,128,0,83518:0:0:0:0:
109,192,83296,128,0,83815:0:0:0:0:
182,192,83444,128,0,83667:0:0:0:0:
448,192,83593,128,0,83964:0:0:0:0:
256,192,83593,128,0,83815:0:0:0:0:
182,192,83741,128,0,84261:0:0:0:0:
64,192,83890,128,0,84112:0:0:0:0:
256,192,83890,128,0,84112:0:0:0:0:
402,192,84038,128,0,84409:0:0:0:0:
64,192,84187,128,0,84558:0:0:0:0:
329,192,84187,128,0,84409:0:0:0:0:
192,192,84335,128,0,84706:0:0:0:0:
402,192,84484,128,0,84706:0:0:0:0:
256,192,84484,128,0,84855:0:0:0:0:
64,192,84632,128,0,85004:0:0:0:0:
192,192,84781,128,0,85152:0:0:0:0:
402,192,84781,128,0,85004:0:0:0:0:
320,192,84929,128,0,85301:0:0:0:0:
36,192,85078,128,0,85598:0:0:0:0:
402,192,85078,128,0,85301:0:0:0:0:
192,192,85226,128,0,85449:0:0:0:0:
402,192,85375,128,0,85746:0:0:0:0:
329,192,85375,128,0,85820:0:0:0:0:
182,192,85523,128,0,85672:0:0:0:0:
109,192,85672,128,0,85895:0:0:0:0:
182,192,85746,128,0,85969:0:0:0:0:
475,192,85820,128,0,86117:0:0:0:0:
329,192,85895,128,0,86043:0:0:0:0:
64,192,85969,128,0,86266:0:0:0:0:
182,192,86043,128,0,86340:0:0:0:0:
256,192,86117,128,0,86192:0:0:0:0:
475,192,86192,128,0,86489:0:0:0:0:
329,192,86266,128,0,86414:0:0:0:0:
36,192,86340,128,0,86711:0:0:0:0:
192,192,86414,128,0,86637:0:0:0:0:
256,192,86489,128,0,86563:0:0:0:0:
402,192,86563,128,0,87008:0:0:0:0:
329,192,86637,128,0,86786:0:0:0:0:
182,192,86711,128,0,86786:0:0:0:0:
109,192,86786,128,0,87008:0:0:0:0:
329,192,86860,128,0,87231:0:0:0:0:
182,192,86860,128,0,87231:0:0:0:0:
36,192,87083,128,0,87380:0:0:0:0:
475,192,87083,128,0,87380:0:0:0:0:
320,192,87305,128,0,87751:0:0:0:0:
182,192,87305,128,0,87974:0:0:0:0:
109,192,87454,128,0,88271:0:0:0:0:
402,192,87454,128,0,87974:0:0:0:0:
402,192,88048,128,0,88271:0:0:0:0:
256,192,88048,128,0,88568:0:0:0:0:
182,192,88048,128,0,88419:0:0:0:0:
402,192,88345,128,0,88568:0:0:0:0:
64,192,88345,128,0,88865:0:0:0:0:
192,192,88494,128,0,88716:0:0:0:0:
256,192,88642,128,0,89013:0:0:0:0:
402,192,88642,128,0,88865:0:0:0:0:
192,192,88791,128,0,89310:0:0:0:0:
402,192,88939,128,0,89162:0:0:0:0:
109,192,88939,128,0,89162:0:0:0:0:
320,192,89088,128,0,89459:0:0:0:0:
448,192,89236,128,0,89459:0:0:0:0:
109,192,89236,128,0,89756:0:0:0:0:
192,192,89385,128,0,89607:0:0:0:0:
448,192,89533,128,0,89904:0:0:0:0:
320,192,89533,128,0,89756:0:0:0:0:
192,192,89682,128,0,90053:0:0:0:0:
320,192,89830,128,0,90202:0:0:0:0:
109,192,89830,128,0,90053:0:0:0:0:
448,192,89979,128,0,90499:0:0:0:0:
36,192,90127,128,0,90350:0:0:0:0:
192,192,90127,128,0,90276:0:0:0:0:
256,192,90276,128,0,90350:0:0:0:0:
182,192,90350,128,0,90647:0:0:0:0:
256,192,90424,128,0,90647:0:0:0:0:
109,192,90424,128,0,90944:0:0:0:0:
402,192,90573,128,0,90796:0:0:0:0:
192,192,90721,128,0,91093:0:0:0:0:
256,192,90721,128,0,90944:0:0:0:0:
448,192,90870,128,0,91241:0:0:0:0:
109,192,91018,128,0,91538:0:0:0:0:
256,192,91018,128,0,91241:0:0:0:0:
182,192,91167,128,0,91390:0:0:0:0:
402,192,91315,128,0,91538:0:0:0:0:
320,192,91315,128,0,91687:0:0:0:0:
192,192,91464,128,0,91687:0:0:0:0:
36,192,91612,128,0,91984:0:0:0:0:
448,192,91612,128,0,91835:0:0:0:0:
192,192,91761,128,0,91835:0:0:0:0:
256,192,91761,128,0,91984:0:0:0:0:
192,192,91909,128,0,92206:0:0:0:0:
402,192,91909,128,0,92132:0:0:0:0:
64,192,92058,128,0,92206:0:0:0:0:
329,192,92058,128,0,92132:0:0:0:0:
448,192,92206,128,0,92281:0:0:0:0:
320,192,92206,128,0,92281:0:0:0:0:
192,192,92281,128,0,92355:0:0:0:0:
36,192,92281,128,0,92726:0:0:0:0:
448,192,92355,128,0,92578:0:0:0:0:
329,192,92355,128,0,92578:0:0:0:0:
192,192,92429,128,0,92875:0:0:0:0:
448,192,92652,128,0,93023:0:0:0:0:
256,192,92652,128,0,92801:0:0:0:0:
64,192,92801,128,0,93098:0:0:0:0:
320,192,92875,128,0,93172:0:0:0:0:
192,192,92949,128,0,93246:0:0:0:0:
402,192,93098,128,0,93395:0:0:0:0:
64,192,93172,128,0,93469:0:0:0:0:
256,192,93246,128,0,93543:0:0:0:0:
182,192,93395,128,0,93692:0:0:0:0:
448,192,93469,128,0,93766:0:0:0:0:
36,192,93543,128,0,93840:0:0:0:0:
320,192,93692,128,0,93989:0:0:0:0:
192,192,93766,128,0,94063:0:0:0:0:
448,192,93840,128,0,94137:0:0:0:0:
109,192,93989,128,0,94286:0:0:0:0:
256,192,94063,128,0,94360:0:0:0:0:
182,192,94137,128,0,95103:0:0:0:0:
402,192,94286,128,0,94583:0:0:0:0:
109,192,94360,128,0,95177:0:0:0:0:
329,192,94434,128,0,95103:0:0:0:0:
182,192,95177,128,0,95400:0:0:0:0:
402,192,95177,128,0,95325:0:0:0:0:
329,192,95251,128,0,95474:0:0:0:0:
109,192,95325,128,0,95548:0:0:0:0:
402,192,95400,128,0,95622:0:0:0:0:
192,192,95474,128,0,95919:0:0:0:0:
256,192,95548,128,0,95697:0:0:0:0:
64,192,95622,128,0,95919:0:0:0:0:
475,192,95697,128,0,95845:0:0:0:0:
320,192,95771,128,0,95845:0:0:0:0:
448,192,95919,128,0,95994:0:0:0:0:
320,192,95919,128,0,95994:0:0:0:0:
192,192,95994,128,0,96142:0:0:0:0:
36,192,95994,128,0,96068:0:0:0:0:
448,192,96068,128,0,96216:0:0:0:0:
320,192,96068,128,0,96216:0:0:0:0:
64,192,96216,128,0,96291:0:0:0:0:
192,192,96216,128,0,96291:0:0:0:0:
256,192,96291,128,0,96513:0:0:0:0:
402,192,96291,128,0,96439:0:0:0:0:
182,192,96365,128,0,96736:0:0:0:0:
109,192,96365,128,0,96885:0:0:0:0:
402,192,96588,128,0,96885:0:0:0:0:
329,192,96588,128,0,96736:0:0:0:0:
192,192,96810,128,0,97256:0:0:0:0:
256,192,96810,128,0,97924:0:0:0:0:
36,192,96959,128,0,97479:0:0:0:0:
475,192,96959,128,0,97479:0:0:0:0:
402,192,97553,128,0,97776:0:0:0:0:
36,192,97553,128,0,97924:0:0:0:0:
192,192,97553,128,0,97999:0:0:0:0:
448,192,97850,128,0,98370:0:0:0:0:
36,192,97999,128,0,98370:0:0:0:0:
320,192,97999,128,0,98073:0:0:0:0:
182,192,98073,128,0,98221:0:0:0:0:
329,192,98147,128,0,98518:0:0:0:0:
192,192,98296,128,0,99112:0:0:0:0:
36,192,98444,128,0,98815:0:0:0:0:
402,192,98444,128,0,98667:0:0:0:0:
256,192,98593,128,0,98815:0:0:0:0:
448,192,98741,128,0,99261:0:0:0:0:
36,192,98890,128,0,99261:0:0:0:0:
329,192,98890,128,0,98964:0:0:0:0:
320,192,99038,128,0,99187:0:0:0:0:
192,192,99187,128,0,99409:0:0:0:0:
256,192,99261,128,0,99558:0:0:0:0:
402,192,99335,128,0,99855:0:0:0:0:
109,192,99335,128,0,99558:0:0:0:0:
192,192,99484,128,0,100004:0:0:0:0:
109,192,99632,128,0,100078:0:0:0:0:
329,192,99632,128,0,99706:0:0:0:0:
320,192,99781,128,0,99929:0:0:0:0:
448,192,99929,128,0,100375:0:0:0:0:
256,192,100004,128,0,100152:0:0:0:0:
182,192,100078,128,0,100301:0:0:0:0:
36,192,100152,128,0,100226:0:0:0:0:
256,192,100226,128,0,100449:0:0:0:0:
36,192,100301,128,0,100523:0:0:0:0:
192,192,100375,128,0,100598:0:0:0:0:
402,192,100449,128,0,100746:0:0:0:0:
320,192,100523,128,0,100672:0:0:0:0:
64,192,100598,128,0,100895:0:0:0:0:
182,192,100672,128,0,100969:0:0:0:0:
256,192,100746,128,0,100820:0:0:0:0:
402,192,100820,128,0,101043:0:0:0:0:
320,192,100895,128,0,101117:0:0:0:0:
109,192,100969,128,0,101414:0:0:0:0:
192,192,101043,128,0,101192:0:0:0:0:
475,192,101117,128,0,101711:0:0:0:0:
320,192,101192,128,0,101266:0:0:0:0:
192,192,101266,128,0,101340:0:0:0:0:
329,192,101340,128,0,101489:0:0:0:0:
182,192,101414,128,0,101563:0:0:0:0:
36,192,101489,128,0,101860:0:0:0:0:
256,192,101563,128,0,101637:0:0:0:0:
182,192,101637,128,0,102157:0:0:0:0:
329,192,101711,128,0,101786:0:0:0:0:
402,192,101786,128,0,101934:0:0:0:0:
329,192,101860,128,0,102008:0:0:0:0:
109,192,101934,128,0,102083:0:0:0:0:
402,192,102008,128,0,102974:0:0:0:0:
329,192,102083,128,0,102231:0:0:0:0:
36,192,102157,128,0,102231:0:0:0:0:
192,192,102231,128,0,102528:0:0:0:0:
329,192,102305,128,0,102677:0:0:0:0:
36,192,102305,128,0,102677:0:0:0:0:
192,192,102603,128,0,102751:0:0:0:0:
64,192,102751,128,0,103122:0:0:0:0:
320,192,102751,128,0,102825:0:0:0:0:
192,192,102825,128,0,103271:0:0:0:0:
329,192,102900,128,0,103122:0:0:0:0:
448,192,103048,128,0,103568:0:0:0:0:
36,192,103197,128,0,103716:0:0:0:0:
256,192,103197,128,0,103419:0:0:0:0:
182,192,103345,128,0,103568:0:0:0:0:
256,192,103494,128,0,103865:0:0:0:0:
182,192,103642,128,0,103939:0:0:0:0:
448,192,103642,128,0,104162:0:0:0:0:
109,192,103791,128,0,104013:0:0:0:0:
329,192,103939,128,0,104013:0:0:0:0:
182,192,104013,128,0,104310:0:0:0:0:
256,192,104088,128,0,104459:0:0:0:0:
36,192,104088,128,0,104979:0:0:0:0:
402,192,104236,128,0,104310:0:0:0:0:
182,192,104385,128,0,104682:0:0:0:0:
448,192,104385,128,0,104756:0:0:0:0:
329,192,104533,128,0,104607:0:0:0:0:
320,192,104682,128,0,104830:0:0:0:0:
182,192,104756,128,0,104904:0:0:0:0:
448,192,104830,128,0,105424:0:0:0:0:
256,192,104904,128,0,105053:0:0:0:0:
192,192,104979,128,0,105127:0:0:0:0:
64,192,105053,128,0,105350:0:0:0:0:
329,192,105127,128,0,105202:0:0:0:0:
182,192,105202,128,0,105276:0:0:0:0:
256,192,105276,128,0,105499:0:0:0:0:
182,192,105350,128,0,105573:0:0:0:0:
109,192,105424,128,0,105647:0:0:0:0:
402,192,105499,128,0,105870:0:0:0:0:
320,192,105573,128,0,105796:0:0:0:0:
182,192,105647,128,0,105721:0:0:0:0:
64,192,105721,128,0,106018:0:0:0:0:
182,192,105796,128,0,105944:0:0:0:0:
320,192,105870,128,0,106093:0:0:0:0:
192,192,106018,128,0,106093:0:0:0:0:
402,192,106018,128,0,106093:0:0:0:0:
64,192,106093,128,0,106390:0:0:0:0:
329,192,106167,128,0,106390:0:0:0:0:
402,192,106167,128,0,107058:0:0:0:0:
182,192,106167,128,0,106687:0:0:0:0:
36,192,106464,128,0,107132:0:0:0:0:
256,192,106464,128,0,106687:0:0:0:0:
182,192,106761,128,0,106984:0:0:0:0:
320,192,106761,128,0,106984:0:0:0:0:
329,192,107058,128,0,107206:0:0:0:0:
182,192,107058,128,0,107281:0:0:0:0:
402,192,107132,128,0,107355:0:0:0:0:
109,192,107206,128,0,107429:0:0:0:0:
320,192,107281,128,0,107578:0:0:0:0:
192,192,107355,128,0,107504:0:0:0:0:
402,192,107429,128,0,107652:0:0:0:0:
64,192,107504,128,0,107949:0:0:0:0:
182,192,107578,128,0,107726:0:0:0:0:
329,192,107652,128,0,107801:0:0:0:0:
448,192,107726,128,0,108098:0:0:0:0:
192,192,107801,128,0,107875:0:0:0:0:
320,192,107875,128,0,108023:0:0:0:0:
192,192,107949,128,0,108246:0:0:0:0:
109,192,108023,128,0,108172:0:0:0:0:
320,192,108098,128,0,108320:0:0:0:0:
475,192,108172,128,0,108395:0:0:0:0:
109,192,108246,128,0,108617:0:0:0:0:
192,192,108320,128,0,108543:0:0:0:0:
320,192,108395,128,0,108469:0:0:0:0:
448,192,108469,128,0,108914:0:0:0:0:
320,192,108543,128,0,108692:0:0:0:0:
182,192,108617,128,0,108766:0:0:0:0:
64,192,108692,128,0,109137:0:0:0:0:
320,192,108766,128,0,108840:0:0:0:0:
192,192,108840,128,0,109063:0:0:0:0:
329,192,108914,128,0,108989:0:0:0:0:
475,192,108989,128,0,109286:0:0:0:0:
320,192,109063,128,0,109360:0:0:0:0:
182,192,109137,128,0,109211:0:0:0:0:
109,192,109211,128,0,109508:0:0:0:0:
192,192,109286,128,0,109434:0:0:0:0:
402,192,109360,128,0,109583:0:0:0:0:
329,192,109434,128,0,109731:0:0:0:0:
182,192,109508,128,0,109657:0:0:0:0:
64,192,109583,128,0,109880:0:0:0:0:
448,192,109657,128,0,110103:0:0:0:0:
182,192,109731,128,0,109805:0:0:0:0:
320,192,109805,128,0,110028:0:0:0:0:
192,192,109880,128,0,109954:0:0:0:0:
109,192,109954,128,0,110251:0:0:0:0:
182,192,110028,128,0,110400:0:0:0:0:
329,192,110103,128,0,110177:0:0:0:0:
448,192,110177,128,0,110325:0:0:0:0:
329,192,110251,128,0,110474:0:0:0:0:
36,192,110325,128,0,110548:0:0:0:0:
475,192,110400,128,0,110622:0:0:0:0:
182,192,110474,128,0,111142:0:0:0:0:
329,192,110548,128,0,111216:0:0:0:0:
36,192,110622,128,0,110697:0:0:0:0:
402,192,110697,128,0,110771:0:0:0:0:
109,192,110771,128,0,110845:0:0:0:0:
402,192,110919,128,0,110994:0:0:0:0:
109,192,110994,128,0,111513:0:0:0:0:
402,192,111068,128,0,111365:0:0:0:0:
182,192,111216,128,0,111291:0:0:0:0:
256,192,111291,128,0,111736:0:0:0:0:
192,192,111365,128,0,111810:0:0:0:0:
402,192,111513,128,0,111588:0:0:0:0:
36,192,111588,128,0,111662:0:0:0:0:
448,192,111662,128,0,111959:0:0:0:0:
64,192,111810,128,0,112553:0:0:0:0:
329,192,111885,128,0,111959:0:0:0:0:
182,192,111959,128,0,112107:0:0:0:0:
320,192,112033,128,0,112182:0:0:0:0:
448,192,112107,128,0,112256:0:0:0:0:
192,192,112182,128,0,112404:0:0:0:0:
320,192,112256,128,0,112330:0:0:0:0:
402,192,112330,128,0,112479:0:0:0:0:
329,192,112404,128,0,112702:0:0:0:0:
192,192,112479,128,0,112627:0:0:0:0:
475,192,112553,128,0,112776:0:0:0:0:
109,192,112627,128,0,112924:0:0:0:0:
192,192,112702,128,0,112999:0:0:0:0:
256,192,112776,128,0,112850:0:0:0:0:
402,192,112850,128,0,113518:0:0:0:0:
320,192,112924,128,0,113073:0:0:0:0:
36,192,112999,128,0,113147:0:0:0:0:
182,192,113073,128,0,113221:0:0:0:0:
320,192,113147,128,0,113296:0:0:0:0:
36,192,113221,128,0,113444:0:0:0:0:
192,192,113296,128,0,113370:0:0:0:0:
320,192,113370,128,0,113593:0:0:0:0:
192,192,113444,128,0,113667:0:0:0:0:
109,192,113518,128,0,113815:0:0:0:0:
475,192,113593,128,0,113964:0:0:0:0:
320,192,113667,128,0,113741:0:0:0:0:
192,192,113741,128,0,114112:0:0:0:0:
320,192,113815,128,0,114038:0:0:0:0:
64,192,113890,128,0,114187:0:0:0:0:
475,192,114038,128,0,114261:0:0:0:0:
320,192,114112,128,0,114335:0:0:0:0:
192,192,114187,128,0,114409:0:0:0:0:
64,192,114261,128,0,114632:0:0:0:0:
475,192,114335,128,0,114855:0:0:0:0:
320,192,114409,128,0,114484:0:0:0:0:
192,192,114484,128,0,114558:0:0:0:0:
256,192,114558,128,0,114706:0:0:0:0:
192,192,114632,128,0,114929:0:0:0:0:
64,192,114706,128,0,114929:0:0:0:0:
320,192,114781,128,0,114855:0:0:0:0:
448,192,114929,128,0,115004:0:0:0:0:
329,192,114929,128,0,115152:0:0:0:0:
192,192,115004,128,0,115226:0:0:0:0:
64,192,115004,128,0,115226:0:0:0:0:
402,192,115078,128,0,115152:0:0:0:0:
448,192,115226,128,0,115301:0:0:0:0:
329,192,115226,128,0,115375:0:0:0:0:
192,192,115301,128,0,115375:0:0:0:0:
36,192,115301,128,0,115598:0:0:0:0:
402,192,115375,128,0,115672:0:0:0:0:
182,192,115449,128,0,115523:0:0:0:0:
256,192,115523,128,0,115746:0:0:0:0:
192,192,115598,128,0,115820:0:0:0:0:
36,192,115672,128,0,116117:0:0:0:0:
475,192,115746,128,0,115895:0:0:0:0:
329,192,115820,128,0,115969:0:0:0:0:
182,192,115895,128,0,116043:0:0:0:0:
402,192,115969,128,0,116192:0:0:0:0:
256,192,116043,128,0,116266:0:0:0:0:
192,192,116117,128,0,116340:0:0:0:0:
64,192,116192,128,0,116711:0:0:0:0:
475,192,116266,128,0,116489:0:0:0:0:
329,192,116340,128,0,116414:0:0:0:0:
182,192,116414,128,0,116489:0:0:0:0:
320,192,116489,128,0,116637:0:0:0:0:
182,192,116563,128,0,116934:0:0:0:0:
475,192,116563,128,0,116934:0:0:0:0:
256,192,116711,128,0,116786:0:0:0:0:
64,192,116786,128,0,117157:0:0:0:0:
320,192,116860,128,0,117083:0:0:0:0:
475,192,117008,128,0,117380:0:0:0:0:
182,192,117008,128,0,117380:0:0:0:0:
320,192,117157,128,0,117231:0:0:0:0:
36,192,117231,128,0,118865:0:0:0:0:
256,192,117305,128,0,118568:0:0:0:0:
182,192,117454,128,0,119013:0:0:0:0:
475,192,117454,128,0,118865:0:0:0:0:
256,192,118642,128,0,118716:0:0:0:0:
329,192,118791,128,0,119088:0:0:0:0:
475,192,118939,128,0,119310:0:0:0:0:
36,192,118939,128,0,119310:0:0:0:0:
182,192,119088,128,0,119162:0:0:0:0:
329,192,119162,128,0,119459:0:0:0:0:
182,192,119236,128,0,119533:0:0:0:0:
475,192,119385,128,0,119756:0:0:0:0:
36,192,119385,128,0,119756:0:0:0:0:
329,192,119533,128,0,119607:0:0:0:0:
182,192,119607,128,0,121464:0:0:0:0:
329,192,119682,128,0,121241:0:0:0:0:
109,192,119830,128,0,120944:0:0:0:0:
475,192,119830,128,0,121241:0:0:0:0:
109,192,121018,128,0,121093:0:0:0:0:
36,192,121167,128,0,121390:0:0:0:0:
475,192,121315,128,0,121687:0:0:0:0:
329,192,121315,128,0,121687:0:0:0:0:
36,192,121464,128,0,121538:0:0:0:0:
182,192,121538,128,0,121835:0:0:0:0:
36,192,121612,128,0,121909:0:0:0:0:
329,192,121761,128,0,122132:0:0:0:0:
475,192,121761,128,0,122132:0:0:0:0:
182,192,121909,128,0,121984:0:0:0:0:
109,192,121984,128,0,123617:0:0:0:0:
192,192,122058,128,0,123617:0:0:0:0:
329,192,122206,128,0,123320:0:0:0:0:
475,192,122206,128,0,123840:0:0:0:0:
329,192,123395,128,0,123469:0:0:0:0:
329,192,123543,128,0,123766:0:0:0:0:
36,192,123692,128,0,124063:0:0:0:0:
192,192,123692,128,0,124063:0:0:0:0:
329,192,123840,128,0,123914:0:0:0:0:
475,192,123914,128,0,124211:0:0:0:0:
329,192,123989,128,0,124286:0:0:0:0:
109,192,124137,128,0,124508:0:0:0:0:
192,192,124137,128,0,124880:0:0:0:0:
475,192,124286,128,0,124360:0:0:0:0:
320,192,124360,128,0,124508:0:0:0:0:
448,192,124434,128,0,124508:0:0:0:0:
320,192,124583,128,0,124880:0:0:0:0:
448,192,124583,128,0,124880:0:0:0:0:
