osu file format v14

[General]
AudioFilename: 05. Blue Zenith.mp3
AudioLeadIn: 2
PreviewTime: 100000
Countdown: 0
SampleSet: Normal
StackLeniency: 0.7
Mode: 3
LetterboxInBreaks: 0
SpecialStyle: 0
WidescreenStoryboard: 0

[Editor]
DistanceSpacing: 0.8
BeatDivisor: 4
GridSize: 8
TimelineZoom: 1

[Metadata]
Title:Vibro Collection 2
TitleUnicode:
Artist:
ArtistUnicode:
Creator:step mania
Version:BLUE ZENITH
Source:Stepmania
Tags:Stepmania
BeatmapID:1240874
BeatmapSetID:585830

[Difficulty]
HPDrainRate:5
CircleSize:4
OverallDifficulty:7
ApproachRate:10
SliderMultiplier:1.4
SliderTickRate:1

[Events]
//Background and Video events
0,0,"bz.jpg",0,0
//Break Periods
//Storyboard Layer 0 (Background)
//Storyboard Layer 1 (Fail)
//Storyboard Layer 2 (Pass)
//Storyboard Layer 3 (Foreground)
//Storyboard Sound Samples

[TimingPoints]
1015,300,4,1,0,15,1,0


[HitObjects]
320,192,2215,5,0,0:0:0:0:
448,192,2215,1,0,0:0:0:0:
192,192,2515,1,0,0:0:0:0:
320,192,2515,1,0,0:0:0:0:
64,192,2815,1,0,0:0:0:0:
320,192,2815,1,0,0:0:0:0:
192,192,3115,1,0,0:0:0:0:
320,192,3115,1,0,0:0:0:0:
320,192,3415,1,0,0:0:0:0:
448,192,3415,1,0,0:0:0:0:
192,192,3715,1,0,0:0:0:0:
320,192,3715,1,0,0:0:0:0:
64,192,4015,1,0,0:0:0:0:
320,192,4015,1,0,0:0:0:0:
192,192,4315,1,0,0:0:0:0:
320,192,4315,1,0,0:0:0:0:
320,192,4615,1,0,0:0:0:0:
448,192,4615,1,0,0:0:0:0:
192,192,4915,1,0,0:0:0:0:
320,192,4915,1,0,0:0:0:0:
64,192,5215,1,0,0:0:0:0:
320,192,5215,1,0,0:0:0:0:
320,192,5515,1,0,0:0:0:0:
448,192,5515,1,0,0:0:0:0:
192,192,5815,1,0,0:0:0:0:
320,192,5815,1,0,0:0:0:0:
64,192,6115,1,0,0:0:0:0:
320,192,6115,1,0,0:0:0:0:
192,192,6415,1,0,0:0:0:0:
320,192,6415,1,0,0:0:0:0:
320,192,6715,1,0,0:0:0:0:
448,192,6715,1,0,0:0:0:0:
320,192,7015,1,0,0:0:0:0:
320,192,7090,1,0,0:0:0:0:
320,192,7165,1,0,0:0:0:0:
320,192,7240,1,0,0:0:0:0:
320,192,7315,1,0,0:0:0:0:
320,192,7390,1,0,0:0:0:0:
320,192,7465,1,0,0:0:0:0:
320,192,7540,1,0,0:0:0:0:
320,192,7615,1,0,0:0:0:0:
320,192,7690,1,0,0:0:0:0:
320,192,7765,1,0,0:0:0:0:
320,192,7840,1,0,0:0:0:0:
320,192,7915,1,0,0:0:0:0:
320,192,7990,1,0,0:0:0:0:
320,192,8065,1,0,0:0:0:0:
320,192,8140,1,0,0:0:0:0:
320,192,8215,1,0,0:0:0:0:
320,192,8290,1,0,0:0:0:0:
320,192,8365,1,0,0:0:0:0:
320,192,8440,1,0,0:0:0:0:
320,192,8515,1,0,0:0:0:0:
320,192,8590,1,0,0:0:0:0:
320,192,8665,1,0,0:0:0:0:
320,192,8740,1,0,0:0:0:0:
320,192,8815,1,0,0:0:0:0:
320,192,8890,1,0,0:0:0:0:
320,192,8965,1,0,0:0:0:0:
320,192,9040,1,0,0:0:0:0:
320,192,9115,1,0,0:0:0:0:
320,192,9190,1,0,0:0:0:0:
320,192,9265,1,0,0:0:0:0:
320,192,9340,1,0,0:0:0:0:
320,192,9415,1,0,0:0:0:0:
320,192,9490,1,0,0:0:0:0:
320,192,9565,1,0,0:0:0:0:
320,192,9640,1,0,0:0:0:0:
320,192,9715,1,0,0:0:0:0:
320,192,9790,1,0,0:0:0:0:
320,192,9865,1,0,0:0:0:0:
320,192,9940,1,0,0:0:0:0:
320,192,10015,1,0,0:0:0:0:
320,192,10090,1,0,0:0:0:0:
320,192,10165,1,0,0:0:0:0:
320,192,10240,1,0,0:0:0:0:
320,192,10315,1,0,0:0:0:0:
320,192,10390,1,0,0:0:0:0:
320,192,10465,1,0,0:0:0:0:
320,192,10540,1,0,0:0:0:0:
320,192,10615,1,0,0:0:0:0:
320,192,10690,1,0,0:0:0:0:
320,192,10765,1,0,0:0:0:0:
320,192,10840,1,0,0:0:0:0:
320,192,10915,1,0,0:0:0:0:
320,192,10990,1,0,0:0:0:0:
320,192,11065,1,0,0:0:0:0:
320,192,11140,1,0,0:0:0:0:
320,192,11215,1,0,0:0:0:0:
320,192,11290,1,0,0:0:0:0:
320,192,11365,1,0,0:0:0:0:
320,192,11440,1,0,0:0:0:0:
320,192,11515,1,0,0:0:0:0:
320,192,11590,1,0,0:0:0:0:
320,192,11665,1,0,0:0:0:0:
320,192,11740,1,0,0:0:0:0:
64,192,11815,1,0,0:0:0:0:
192,192,11815,1,0,0:0:0:0:
320,192,11815,1,0,0:0:0:0:
320,192,11890,1,0,0:0:0:0:
320,192,11965,1,0,0:0:0:0:
320,192,12040,1,0,0:0:0:0:
320,192,12115,1,0,0:0:0:0:
320,192,12190,1,0,0:0:0:0:
320,192,12265,1,0,0:0:0:0:
320,192,12340,1,0,0:0:0:0:
320,192,12415,1,0,0:0:0:0:
320,192,12490,1,0,0:0:0:0:
320,192,12565,1,0,0:0:0:0:
320,192,12640,1,0,0:0:0:0:
320,192,12715,1,0,0:0:0:0:
320,192,12790,1,0,0:0:0:0:
320,192,12865,1,0,0:0:0:0:
320,192,12940,1,0,0:0:0:0:
320,192,13015,1,0,0:0:0:0:
320,192,13090,1,0,0:0:0:0:
320,192,13165,1,0,0:0:0:0:
320,192,13240,1,0,0:0:0:0:
320,192,13315,1,0,0:0:0:0:
320,192,13390,1,0,0:0:0:0:
320,192,13465,1,0,0:0:0:0:
320,192,13540,1,0,0:0:0:0:
320,192,13615,1,0,0:0:0:0:
320,192,13690,1,0,0:0:0:0:
320,192,13765,1,0,0:0:0:0:
320,192,13840,1,0,0:0:0:0:
320,192,13915,1,0,0:0:0:0:
320,192,13990,1,0,0:0:0:0:
320,192,14065,1,0,0:0:0:0:
320,192,14140,1,0,0:0:0:0:
320,192,14215,1,0,0:0:0:0:
320,192,14290,1,0,0:0:0:0:
320,192,14365,1,0,0:0:0:0:
320,192,14440,1,0,0:0:0:0:
320,192,14515,1,0,0:0:0:0:
320,192,14590,1,0,0:0:0:0:
320,192,14665,1,0,0:0:0:0:
320,192,14740,1,0,0:0:0:0:
320,192,14815,1,0,0:0:0:0:
320,192,14890,1,0,0:0:0:0:
320,192,14965,1,0,0:0:0:0:
320,192,15040,1,0,0:0:0:0:
320,192,15115,1,0,0:0:0:0:
320,192,15190,1,0,0:0:0:0:
320,192,15265,1,0,0:0:0:0:
320,192,15340,1,0,0:0:0:0:
320,192,15415,1,0,0:0:0:0:
320,192,15490,1,0,0:0:0:0:
320,192,15565,1,0,0:0:0:0:
320,192,15640,1,0,0:0:0:0:
320,192,15715,1,0,0:0:0:0:
320,192,15790,1,0,0:0:0:0:
320,192,15865,1,0,0:0:0:0:
320,192,15940,1,0,0:0:0:0:
320,192,16015,1,0,0:0:0:0:
320,192,16090,1,0,0:0:0:0:
320,192,16165,1,0,0:0:0:0:
320,192,16240,1,0,0:0:0:0:
320,192,16315,1,0,0:0:0:0:
320,192,16390,1,0,0:0:0:0:
320,192,16465,1,0,0:0:0:0:
320,192,16540,1,0,0:0:0:0:
64,192,16615,1,0,0:0:0:0:
192,192,16615,1,0,0:0:0:0:
320,192,16615,1,0,0:0:0:0:
320,192,16690,1,0,0:0:0:0:
320,192,16765,1,0,0:0:0:0:
320,192,16840,1,0,0:0:0:0:
320,192,16915,1,0,0:0:0:0:
320,192,16990,1,0,0:0:0:0:
320,192,17065,1,0,0:0:0:0:
320,192,17140,1,0,0:0:0:0:
320,192,17215,1,0,0:0:0:0:
320,192,17290,1,0,0:0:0:0:
320,192,17365,1,0,0:0:0:0:
320,192,17440,1,0,0:0:0:0:
320,192,17515,1,0,0:0:0:0:
320,192,17590,1,0,0:0:0:0:
320,192,17665,1,0,0:0:0:0:
320,192,17740,1,0,0:0:0:0:
64,192,17815,1,0,0:0:0:0:
192,192,17815,1,0,0:0:0:0:
320,192,17815,1,0,0:0:0:0:
320,192,17890,1,0,0:0:0:0:
320,192,17965,1,0,0:0:0:0:
320,192,18040,1,0,0:0:0:0:
320,192,18115,1,0,0:0:0:0:
320,192,18190,1,0,0:0:0:0:
320,192,18265,1,0,0:0:0:0:
320,192,18340,1,0,0:0:0:0:
320,192,18415,1,0,0:0:0:0:
320,192,18490,1,0,0:0:0:0:
320,192,18565,1,0,0:0:0:0:
320,192,18640,1,0,0:0:0:0:
320,192,18715,1,0,0:0:0:0:
320,192,18790,1,0,0:0:0:0:
320,192,18865,1,0,0:0:0:0:
320,192,18940,1,0,0:0:0:0:
320,192,19015,1,0,0:0:0:0:
448,192,19015,1,0,0:0:0:0:
320,192,19090,1,0,0:0:0:0:
192,192,19165,1,0,0:0:0:0:
320,192,19165,1,0,0:0:0:0:
320,192,19240,1,0,0:0:0:0:
64,192,19315,1,0,0:0:0:0:
320,192,19315,1,0,0:0:0:0:
320,192,19390,1,0,0:0:0:0:
192,192,19465,1,0,0:0:0:0:
320,192,19465,1,0,0:0:0:0:
320,192,19540,1,0,0:0:0:0:
320,192,19615,1,0,0:0:0:0:
448,192,19615,1,0,0:0:0:0:
320,192,19690,1,0,0:0:0:0:
192,192,19765,1,0,0:0:0:0:
320,192,19765,1,0,0:0:0:0:
320,192,19840,1,0,0:0:0:0:
64,192,19915,1,0,0:0:0:0:
320,192,19915,1,0,0:0:0:0:
320,192,19990,1,0,0:0:0:0:
192,192,20065,1,0,0:0:0:0:
320,192,20065,1,0,0:0:0:0:
320,192,20140,1,0,0:0:0:0:
320,192,20215,1,0,0:0:0:0:
448,192,20215,1,0,0:0:0:0:
320,192,20290,1,0,0:0:0:0:
320,192,20365,1,0,0:0:0:0:
320,192,20440,1,0,0:0:0:0:
320,192,20515,1,0,0:0:0:0:
448,192,20515,1,0,0:0:0:0:
320,192,20590,1,0,0:0:0:0:
320,192,20665,1,0,0:0:0:0:
320,192,20740,1,0,0:0:0:0:
320,192,20815,1,0,0:0:0:0:
448,192,20815,1,0,0:0:0:0:
320,192,20890,1,0,0:0:0:0:
320,192,20965,1,0,0:0:0:0:
448,192,20965,1,0,0:0:0:0:
320,192,21040,1,0,0:0:0:0:
320,192,21115,1,0,0:0:0:0:
448,192,21115,1,0,0:0:0:0:
320,192,21190,1,0,0:0:0:0:
320,192,21265,1,0,0:0:0:0:
320,192,21340,1,0,0:0:0:0:
64,192,21415,1,0,0:0:0:0:
192,192,21415,1,0,0:0:0:0:
320,192,21415,1,0,0:0:0:0:
320,192,21490,1,0,0:0:0:0:
320,192,21565,1,0,0:0:0:0:
320,192,21640,1,0,0:0:0:0:
320,192,21715,1,0,0:0:0:0:
320,192,21790,1,0,0:0:0:0:
320,192,21865,1,0,0:0:0:0:
320,192,21940,1,0,0:0:0:0:
320,192,22015,1,0,0:0:0:0:
320,192,22090,1,0,0:0:0:0:
320,192,22165,1,0,0:0:0:0:
320,192,22240,1,0,0:0:0:0:
320,192,22315,1,0,0:0:0:0:
320,192,22390,1,0,0:0:0:0:
320,192,22465,1,0,0:0:0:0:
320,192,22540,1,0,0:0:0:0:
320,192,22615,1,0,0:0:0:0:
320,192,22690,1,0,0:0:0:0:
320,192,22765,1,0,0:0:0:0:
320,192,22840,1,0,0:0:0:0:
320,192,22915,1,0,0:0:0:0:
320,192,22990,1,0,0:0:0:0:
320,192,23065,1,0,0:0:0:0:
320,192,23140,1,0,0:0:0:0:
320,192,23215,1,0,0:0:0:0:
320,192,23290,1,0,0:0:0:0:
320,192,23365,1,0,0:0:0:0:
320,192,23440,1,0,0:0:0:0:
320,192,23515,1,0,0:0:0:0:
320,192,23590,1,0,0:0:0:0:
320,192,23665,1,0,0:0:0:0:
320,192,23740,1,0,0:0:0:0:
320,192,23815,1,0,0:0:0:0:
320,192,23890,1,0,0:0:0:0:
320,192,23965,1,0,0:0:0:0:
320,192,24040,1,0,0:0:0:0:
320,192,24115,1,0,0:0:0:0:
320,192,24190,1,0,0:0:0:0:
320,192,24265,1,0,0:0:0:0:
320,192,24340,1,0,0:0:0:0:
320,192,24415,1,0,0:0:0:0:
320,192,24490,1,0,0:0:0:0:
320,192,24565,1,0,0:0:0:0:
320,192,24640,1,0,0:0:0:0:
320,192,24715,1,0,0:0:0:0:
320,192,24790,1,0,0:0:0:0:
320,192,24865,1,0,0:0:0:0:
320,192,24940,1,0,0:0:0:0:
320,192,25015,1,0,0:0:0:0:
320,192,25090,1,0,0:0:0:0:
320,192,25165,1,0,0:0:0:0:
320,192,25240,1,0,0:0:0:0:
320,192,25315,1,0,0:0:0:0:
320,192,25390,1,0,0:0:0:0:
320,192,25465,1,0,0:0:0:0:
320,192,25540,1,0,0:0:0:0:
320,192,25615,1,0,0:0:0:0:
320,192,25690,1,0,0:0:0:0:
320,192,25765,1,0,0:0:0:0:
320,192,25840,1,0,0:0:0:0:
320,192,25915,1,0,0:0:0:0:
320,192,25990,1,0,0:0:0:0:
320,192,26065,1,0,0:0:0:0:
320,192,26140,1,0,0:0:0:0:
64,192,26215,1,0,0:0:0:0:
192,192,26215,1,0,0:0:0:0:
320,192,26215,1,0,0:0:0:0:
320,192,26290,1,0,0:0:0:0:
320,192,26365,1,0,0:0:0:0:
320,192,26440,1,0,0:0:0:0:
320,192,26515,1,0,0:0:0:0:
320,192,26590,1,0,0:0:0:0:
320,192,26665,1,0,0:0:0:0:
320,192,26740,1,0,0:0:0:0:
320,192,26815,1,0,0:0:0:0:
320,192,26890,1,0,0:0:0:0:
320,192,26965,1,0,0:0:0:0:
320,192,27040,1,0,0:0:0:0:
320,192,27115,1,0,0:0:0:0:
320,192,27190,1,0,0:0:0:0:
320,192,27265,1,0,0:0:0:0:
320,192,27340,1,0,0:0:0:0:
320,192,27415,1,0,0:0:0:0:
320,192,27490,1,0,0:0:0:0:
320,192,27565,1,0,0:0:0:0:
320,192,27640,1,0,0:0:0:0:
320,192,27715,1,0,0:0:0:0:
320,192,27790,1,0,0:0:0:0:
320,192,27865,1,0,0:0:0:0:
320,192,27940,1,0,0:0:0:0:
320,192,28015,1,0,0:0:0:0:
320,192,28090,1,0,0:0:0:0:
320,192,28165,1,0,0:0:0:0:
320,192,28240,1,0,0:0:0:0:
320,192,28315,1,0,0:0:0:0:
320,192,28390,1,0,0:0:0:0:
320,192,28465,1,0,0:0:0:0:
320,192,28540,1,0,0:0:0:0:
320,192,28615,1,0,0:0:0:0:
320,192,28690,1,0,0:0:0:0:
320,192,28765,1,0,0:0:0:0:
320,192,28840,1,0,0:0:0:0:
320,192,28915,1,0,0:0:0:0:
320,192,28990,1,0,0:0:0:0:
320,192,29065,1,0,0:0:0:0:
320,192,29140,1,0,0:0:0:0:
320,192,29215,1,0,0:0:0:0:
320,192,29290,1,0,0:0:0:0:
320,192,29365,1,0,0:0:0:0:
320,192,29440,1,0,0:0:0:0:
320,192,29515,1,0,0:0:0:0:
320,192,29590,1,0,0:0:0:0:
320,192,29665,1,0,0:0:0:0:
320,192,29740,1,0,0:0:0:0:
320,192,29815,1,0,0:0:0:0:
320,192,29890,1,0,0:0:0:0:
320,192,29965,1,0,0:0:0:0:
320,192,30040,1,0,0:0:0:0:
320,192,30115,1,0,0:0:0:0:
320,192,30190,1,0,0:0:0:0:
320,192,30265,1,0,0:0:0:0:
320,192,30340,1,0,0:0:0:0:
320,192,30415,1,0,0:0:0:0:
320,192,30490,1,0,0:0:0:0:
320,192,30565,1,0,0:0:0:0:
320,192,30640,1,0,0:0:0:0:
320,192,30715,1,0,0:0:0:0:
320,192,30790,1,0,0:0:0:0:
320,192,30865,1,0,0:0:0:0:
320,192,30940,1,0,0:0:0:0:
64,192,31015,1,0,0:0:0:0:
192,192,31015,1,0,0:0:0:0:
320,192,31015,1,0,0:0:0:0:
320,192,31090,1,0,0:0:0:0:
320,192,31165,1,0,0:0:0:0:
320,192,31240,1,0,0:0:0:0:
320,192,31315,1,0,0:0:0:0:
320,192,31390,1,0,0:0:0:0:
320,192,31465,1,0,0:0:0:0:
320,192,31540,1,0,0:0:0:0:
320,192,31615,1,0,0:0:0:0:
320,192,31690,1,0,0:0:0:0:
320,192,31765,1,0,0:0:0:0:
320,192,31840,1,0,0:0:0:0:
320,192,31915,1,0,0:0:0:0:
320,192,31990,1,0,0:0:0:0:
320,192,32065,1,0,0:0:0:0:
320,192,32140,1,0,0:0:0:0:
192,192,32215,1,0,0:0:0:0:
320,192,32215,1,0,0:0:0:0:
448,192,32215,1,0,0:0:0:0:
320,192,32290,1,0,0:0:0:0:
320,192,32365,1,0,0:0:0:0:
320,192,32440,1,0,0:0:0:0:
320,192,32515,1,0,0:0:0:0:
320,192,32590,1,0,0:0:0:0:
320,192,32665,1,0,0:0:0:0:
320,192,32740,1,0,0:0:0:0:
320,192,32815,1,0,0:0:0:0:
320,192,32890,1,0,0:0:0:0:
320,192,32965,1,0,0:0:0:0:
320,192,33040,1,0,0:0:0:0:
320,192,33115,1,0,0:0:0:0:
320,192,33190,1,0,0:0:0:0:
320,192,33265,1,0,0:0:0:0:
320,192,33340,1,0,0:0:0:0:
64,192,33415,1,0,0:0:0:0:
320,192,33415,1,0,0:0:0:0:
448,192,33415,1,0,0:0:0:0:
320,192,33490,1,0,0:0:0:0:
320,192,33565,1,0,0:0:0:0:
320,192,33640,1,0,0:0:0:0:
320,192,33715,1,0,0:0:0:0:
320,192,33790,1,0,0:0:0:0:
320,192,33865,1,0,0:0:0:0:
320,192,33940,1,0,0:0:0:0:
320,192,34015,1,0,0:0:0:0:
320,192,34090,1,0,0:0:0:0:
320,192,34165,1,0,0:0:0:0:
320,192,34240,1,0,0:0:0:0:
320,192,34315,1,0,0:0:0:0:
320,192,34390,1,0,0:0:0:0:
320,192,34465,1,0,0:0:0:0:
320,192,34540,1,0,0:0:0:0:
64,192,34615,1,0,0:0:0:0:
192,192,34615,1,0,0:0:0:0:
320,192,34615,1,0,0:0:0:0:
320,192,34690,1,0,0:0:0:0:
320,192,34765,1,0,0:0:0:0:
320,192,34840,1,0,0:0:0:0:
320,192,34915,1,0,0:0:0:0:
320,192,34990,1,0,0:0:0:0:
320,192,35065,1,0,0:0:0:0:
320,192,35140,1,0,0:0:0:0:
320,192,35215,1,0,0:0:0:0:
320,192,35290,1,0,0:0:0:0:
320,192,35365,1,0,0:0:0:0:
320,192,35440,1,0,0:0:0:0:
320,192,35515,1,0,0:0:0:0:
320,192,35590,1,0,0:0:0:0:
320,192,35665,1,0,0:0:0:0:
320,192,35740,1,0,0:0:0:0:
64,192,35815,1,0,0:0:0:0:
320,192,35815,1,0,0:0:0:0:
448,192,35815,1,0,0:0:0:0:
320,192,35890,1,0,0:0:0:0:
320,192,35965,1,0,0:0:0:0:
320,192,36040,1,0,0:0:0:0:
320,192,36115,1,0,0:0:0:0:
320,192,36190,1,0,0:0:0:0:
320,192,36265,1,0,0:0:0:0:
320,192,36340,1,0,0:0:0:0:
320,192,36415,1,0,0:0:0:0:
320,192,36490,1,0,0:0:0:0:
320,192,36565,1,0,0:0:0:0:
320,192,36640,1,0,0:0:0:0:
320,192,36715,1,0,0:0:0:0:
320,192,36790,1,0,0:0:0:0:
320,192,36865,1,0,0:0:0:0:
320,192,36940,1,0,0:0:0:0:
64,192,37015,1,0,0:0:0:0:
192,192,37015,1,0,0:0:0:0:
320,192,37015,1,0,0:0:0:0:
320,192,37090,1,0,0:0:0:0:
320,192,37165,1,0,0:0:0:0:
320,192,37240,1,0,0:0:0:0:
320,192,37315,1,0,0:0:0:0:
320,192,37390,1,0,0:0:0:0:
320,192,37465,1,0,0:0:0:0:
320,192,37540,1,0,0:0:0:0:
320,192,37615,1,0,0:0:0:0:
320,192,37690,1,0,0:0:0:0:
320,192,37765,1,0,0:0:0:0:
320,192,37840,1,0,0:0:0:0:
320,192,37915,1,0,0:0:0:0:
320,192,37990,1,0,0:0:0:0:
320,192,38065,1,0,0:0:0:0:
320,192,38140,1,0,0:0:0:0:
192,192,38215,1,0,0:0:0:0:
320,192,38215,1,0,0:0:0:0:
448,192,38215,1,0,0:0:0:0:
320,192,38290,1,0,0:0:0:0:
320,192,38365,1,0,0:0:0:0:
320,192,38440,1,0,0:0:0:0:
320,192,38515,1,0,0:0:0:0:
320,192,38590,1,0,0:0:0:0:
320,192,38665,1,0,0:0:0:0:
320,192,38740,1,0,0:0:0:0:
320,192,38815,1,0,0:0:0:0:
320,192,38890,1,0,0:0:0:0:
320,192,38965,1,0,0:0:0:0:
320,192,39040,1,0,0:0:0:0:
320,192,39115,1,0,0:0:0:0:
320,192,39190,1,0,0:0:0:0:
320,192,39265,1,0,0:0:0:0:
320,192,39340,1,0,0:0:0:0:
64,192,39415,1,0,0:0:0:0:
192,192,39415,1,0,0:0:0:0:
320,192,39415,1,0,0:0:0:0:
320,192,39490,1,0,0:0:0:0:
320,192,39565,1,0,0:0:0:0:
320,192,39640,1,0,0:0:0:0:
320,192,39715,1,0,0:0:0:0:
320,192,39790,1,0,0:0:0:0:
320,192,39865,1,0,0:0:0:0:
320,192,39940,1,0,0:0:0:0:
320,192,40015,1,0,0:0:0:0:
320,192,40090,1,0,0:0:0:0:
320,192,40165,1,0,0:0:0:0:
320,192,40240,1,0,0:0:0:0:
320,192,40315,1,0,0:0:0:0:
320,192,40390,1,0,0:0:0:0:
320,192,40465,1,0,0:0:0:0:
320,192,40540,1,0,0:0:0:0:
64,192,40615,1,0,0:0:0:0:
320,192,40615,1,0,0:0:0:0:
448,192,40615,1,0,0:0:0:0:
320,192,40690,1,0,0:0:0:0:
320,192,40765,1,0,0:0:0:0:
320,192,40840,1,0,0:0:0:0:
320,192,40915,1,0,0:0:0:0:
320,192,40990,1,0,0:0:0:0:
320,192,41065,1,0,0:0:0:0:
320,192,41140,1,0,0:0:0:0:
320,192,41215,1,0,0:0:0:0:
320,192,41290,1,0,0:0:0:0:
320,192,41365,1,0,0:0:0:0:
320,192,41440,1,0,0:0:0:0:
320,192,41515,1,0,0:0:0:0:
320,192,41590,1,0,0:0:0:0:
320,192,41665,1,0,0:0:0:0:
320,192,41740,1,0,0:0:0:0:
192,192,41815,1,0,0:0:0:0:
320,192,41815,1,0,0:0:0:0:
320,192,41890,1,0,0:0:0:0:
320,192,41965,1,0,0:0:0:0:
320,192,42040,1,0,0:0:0:0:
320,192,42115,1,0,0:0:0:0:
320,192,42190,1,0,0:0:0:0:
320,192,42265,1,0,0:0:0:0:
320,192,42340,1,0,0:0:0:0:
320,192,42415,1,0,0:0:0:0:
320,192,42490,1,0,0:0:0:0:
320,192,42565,1,0,0:0:0:0:
320,192,42640,1,0,0:0:0:0:
320,192,42715,1,0,0:0:0:0:
320,192,42790,1,0,0:0:0:0:
320,192,42865,1,0,0:0:0:0:
320,192,42940,1,0,0:0:0:0:
64,192,43015,1,0,0:0:0:0:
320,192,43015,1,0,0:0:0:0:
320,192,43090,1,0,0:0:0:0:
320,192,43165,1,0,0:0:0:0:
320,192,43240,1,0,0:0:0:0:
320,192,43315,1,0,0:0:0:0:
320,192,43390,1,0,0:0:0:0:
320,192,43465,1,0,0:0:0:0:
320,192,43540,1,0,0:0:0:0:
320,192,43615,1,0,0:0:0:0:
320,192,43690,1,0,0:0:0:0:
320,192,43765,1,0,0:0:0:0:
320,192,43840,1,0,0:0:0:0:
320,192,43915,1,0,0:0:0:0:
320,192,43990,1,0,0:0:0:0:
320,192,44065,1,0,0:0:0:0:
320,192,44140,1,0,0:0:0:0:
320,192,44215,1,0,0:0:0:0:
448,192,44215,1,0,0:0:0:0:
320,192,44290,1,0,0:0:0:0:
320,192,44365,1,0,0:0:0:0:
320,192,44440,1,0,0:0:0:0:
320,192,44515,1,0,0:0:0:0:
320,192,44590,1,0,0:0:0:0:
320,192,44665,1,0,0:0:0:0:
320,192,44740,1,0,0:0:0:0:
320,192,44815,1,0,0:0:0:0:
320,192,44890,1,0,0:0:0:0:
320,192,44965,1,0,0:0:0:0:
320,192,45040,1,0,0:0:0:0:
320,192,45115,1,0,0:0:0:0:
320,192,45190,1,0,0:0:0:0:
320,192,45265,1,0,0:0:0:0:
320,192,45340,1,0,0:0:0:0:
64,192,45415,1,0,0:0:0:0:
320,192,45415,1,0,0:0:0:0:
320,192,45490,1,0,0:0:0:0:
320,192,45565,1,0,0:0:0:0:
320,192,45640,1,0,0:0:0:0:
320,192,45715,1,0,0:0:0:0:
320,192,45790,1,0,0:0:0:0:
320,192,45865,1,0,0:0:0:0:
320,192,45940,1,0,0:0:0:0:
320,192,46015,1,0,0:0:0:0:
320,192,46090,1,0,0:0:0:0:
320,192,46165,1,0,0:0:0:0:
320,192,46240,1,0,0:0:0:0:
320,192,46315,1,0,0:0:0:0:
320,192,46390,1,0,0:0:0:0:
320,192,46465,1,0,0:0:0:0:
320,192,46540,1,0,0:0:0:0:
320,192,46615,1,0,0:0:0:0:
320,192,46690,1,0,0:0:0:0:
320,192,46765,1,0,0:0:0:0:
320,192,46840,1,0,0:0:0:0:
320,192,46915,1,0,0:0:0:0:
320,192,46990,1,0,0:0:0:0:
320,192,47065,1,0,0:0:0:0:
320,192,47140,1,0,0:0:0:0:
320,192,47215,1,0,0:0:0:0:
448,192,47215,1,0,0:0:0:0:
320,192,47290,1,0,0:0:0:0:
320,192,47365,1,0,0:0:0:0:
320,192,47440,1,0,0:0:0:0:
320,192,47515,1,0,0:0:0:0:
320,192,47590,1,0,0:0:0:0:
320,192,47665,1,0,0:0:0:0:
320,192,47740,1,0,0:0:0:0:
64,192,47815,1,0,0:0:0:0:
320,192,47815,1,0,0:0:0:0:
320,192,47890,1,0,0:0:0:0:
320,192,47965,1,0,0:0:0:0:
320,192,48040,1,0,0:0:0:0:
320,192,48115,1,0,0:0:0:0:
320,192,48190,1,0,0:0:0:0:
320,192,48265,1,0,0:0:0:0:
320,192,48340,1,0,0:0:0:0:
320,192,48415,1,0,0:0:0:0:
320,192,48490,1,0,0:0:0:0:
320,192,48565,1,0,0:0:0:0:
320,192,48640,1,0,0:0:0:0:
320,192,48715,1,0,0:0:0:0:
320,192,48790,1,0,0:0:0:0:
320,192,48865,1,0,0:0:0:0:
320,192,48940,1,0,0:0:0:0:
192,192,49015,1,0,0:0:0:0:
320,192,49015,1,0,0:0:0:0:
320,192,49090,1,0,0:0:0:0:
320,192,49165,1,0,0:0:0:0:
320,192,49240,1,0,0:0:0:0:
320,192,49315,1,0,0:0:0:0:
320,192,49390,1,0,0:0:0:0:
320,192,49465,1,0,0:0:0:0:
320,192,49540,1,0,0:0:0:0:
320,192,49615,1,0,0:0:0:0:
320,192,49690,1,0,0:0:0:0:
320,192,49765,1,0,0:0:0:0:
320,192,49840,1,0,0:0:0:0:
320,192,49915,1,0,0:0:0:0:
320,192,49990,1,0,0:0:0:0:
320,192,50065,1,0,0:0:0:0:
320,192,50140,1,0,0:0:0:0:
64,192,50215,1,0,0:0:0:0:
192,192,50215,1,0,0:0:0:0:
320,192,50215,1,0,0:0:0:0:
448,192,50215,1,0,0:0:0:0:
320,192,50290,1,0,0:0:0:0:
320,192,50365,1,0,0:0:0:0:
320,192,50440,1,0,0:0:0:0:
320,192,50515,1,0,0:0:0:0:
320,192,50590,1,0,0:0:0:0:
320,192,50665,1,0,0:0:0:0:
320,192,50740,1,0,0:0:0:0:
320,192,50815,1,0,0:0:0:0:
320,192,50890,1,0,0:0:0:0:
320,192,50965,1,0,0:0:0:0:
320,192,51040,1,0,0:0:0:0:
320,192,51115,1,0,0:0:0:0:
320,192,51190,1,0,0:0:0:0:
320,192,51265,1,0,0:0:0:0:
320,192,51340,1,0,0:0:0:0:
192,192,51415,1,0,0:0:0:0:
320,192,51415,1,0,0:0:0:0:
320,192,51490,1,0,0:0:0:0:
320,192,51565,1,0,0:0:0:0:
320,192,51640,1,0,0:0:0:0:
320,192,51715,1,0,0:0:0:0:
320,192,51790,1,0,0:0:0:0:
320,192,51865,1,0,0:0:0:0:
320,192,51940,1,0,0:0:0:0:
320,192,52015,1,0,0:0:0:0:
320,192,52090,1,0,0:0:0:0:
320,192,52165,1,0,0:0:0:0:
320,192,52240,1,0,0:0:0:0:
320,192,52315,1,0,0:0:0:0:
320,192,52390,1,0,0:0:0:0:
320,192,52465,1,0,0:0:0:0:
320,192,52540,1,0,0:0:0:0:
320,192,52615,1,0,0:0:0:0:
448,192,52615,1,0,0:0:0:0:
320,192,52690,1,0,0:0:0:0:
320,192,52765,1,0,0:0:0:0:
320,192,52840,1,0,0:0:0:0:
320,192,52915,1,0,0:0:0:0:
320,192,52990,1,0,0:0:0:0:
320,192,53065,1,0,0:0:0:0:
320,192,53140,1,0,0:0:0:0:
320,192,53215,1,0,0:0:0:0:
320,192,53290,1,0,0:0:0:0:
320,192,53365,1,0,0:0:0:0:
320,192,53440,1,0,0:0:0:0:
320,192,53515,1,0,0:0:0:0:
320,192,53590,1,0,0:0:0:0:
320,192,53665,1,0,0:0:0:0:
320,192,53740,1,0,0:0:0:0:
64,192,53815,1,0,0:0:0:0:
320,192,53815,1,0,0:0:0:0:
320,192,53890,1,0,0:0:0:0:
320,192,53965,1,0,0:0:0:0:
320,192,54040,1,0,0:0:0:0:
320,192,54115,1,0,0:0:0:0:
320,192,54190,1,0,0:0:0:0:
320,192,54265,1,0,0:0:0:0:
320,192,54340,1,0,0:0:0:0:
320,192,54415,1,0,0:0:0:0:
320,192,54490,1,0,0:0:0:0:
320,192,54565,1,0,0:0:0:0:
320,192,54640,1,0,0:0:0:0:
320,192,54715,1,0,0:0:0:0:
320,192,54790,1,0,0:0:0:0:
320,192,54865,1,0,0:0:0:0:
320,192,54940,1,0,0:0:0:0:
64,192,55015,1,0,0:0:0:0:
320,192,55015,1,0,0:0:0:0:
448,192,55015,1,0,0:0:0:0:
320,192,55090,1,0,0:0:0:0:
320,192,55165,1,0,0:0:0:0:
320,192,55240,1,0,0:0:0:0:
320,192,55315,1,0,0:0:0:0:
320,192,55390,1,0,0:0:0:0:
320,192,55465,1,0,0:0:0:0:
320,192,55540,1,0,0:0:0:0:
320,192,55615,1,0,0:0:0:0:
320,192,55690,1,0,0:0:0:0:
320,192,55765,1,0,0:0:0:0:
320,192,55840,1,0,0:0:0:0:
320,192,55915,1,0,0:0:0:0:
320,192,55990,1,0,0:0:0:0:
320,192,56065,1,0,0:0:0:0:
320,192,56140,1,0,0:0:0:0:
192,192,56215,1,0,0:0:0:0:
320,192,56215,1,0,0:0:0:0:
320,192,56290,1,0,0:0:0:0:
320,192,56365,1,0,0:0:0:0:
320,192,56440,1,0,0:0:0:0:
320,192,56515,1,0,0:0:0:0:
320,192,56590,1,0,0:0:0:0:
320,192,56665,1,0,0:0:0:0:
320,192,56740,1,0,0:0:0:0:
320,192,56815,1,0,0:0:0:0:
320,192,56890,1,0,0:0:0:0:
320,192,56965,1,0,0:0:0:0:
320,192,57040,1,0,0:0:0:0:
320,192,57115,1,0,0:0:0:0:
320,192,57190,1,0,0:0:0:0:
320,192,57265,1,0,0:0:0:0:
320,192,57340,1,0,0:0:0:0:
320,192,57415,1,0,0:0:0:0:
448,192,57415,1,0,0:0:0:0:
320,192,57490,1,0,0:0:0:0:
320,192,57565,1,0,0:0:0:0:
320,192,57640,1,0,0:0:0:0:
320,192,57715,1,0,0:0:0:0:
320,192,57790,1,0,0:0:0:0:
320,192,57865,1,0,0:0:0:0:
320,192,57940,1,0,0:0:0:0:
320,192,58015,1,0,0:0:0:0:
320,192,58090,1,0,0:0:0:0:
320,192,58165,1,0,0:0:0:0:
320,192,58240,1,0,0:0:0:0:
320,192,58315,1,0,0:0:0:0:
320,192,58390,1,0,0:0:0:0:
320,192,58465,1,0,0:0:0:0:
320,192,58540,1,0,0:0:0:0:
64,192,58615,1,0,0:0:0:0:
320,192,58615,1,0,0:0:0:0:
320,192,58690,1,0,0:0:0:0:
320,192,58765,1,0,0:0:0:0:
320,192,58840,1,0,0:0:0:0:
320,192,58915,1,0,0:0:0:0:
320,192,58990,1,0,0:0:0:0:
320,192,59065,1,0,0:0:0:0:
320,192,59140,1,0,0:0:0:0:
320,192,59215,1,0,0:0:0:0:
320,192,59290,1,0,0:0:0:0:
320,192,59365,1,0,0:0:0:0:
320,192,59440,1,0,0:0:0:0:
320,192,59515,1,0,0:0:0:0:
320,192,59590,1,0,0:0:0:0:
320,192,59665,1,0,0:0:0:0:
320,192,59740,1,0,0:0:0:0:
192,192,59815,1,0,0:0:0:0:
320,192,59815,1,0,0:0:0:0:
448,192,59815,1,0,0:0:0:0:
320,192,59890,1,0,0:0:0:0:
320,192,59965,1,0,0:0:0:0:
320,192,60040,1,0,0:0:0:0:
320,192,60115,1,0,0:0:0:0:
320,192,60190,1,0,0:0:0:0:
320,192,60265,1,0,0:0:0:0:
320,192,60340,1,0,0:0:0:0:
320,192,60415,1,0,0:0:0:0:
320,192,60490,1,0,0:0:0:0:
320,192,60565,1,0,0:0:0:0:
320,192,60640,1,0,0:0:0:0:
320,192,60715,1,0,0:0:0:0:
320,192,60790,1,0,0:0:0:0:
320,192,60865,1,0,0:0:0:0:
320,192,60940,1,0,0:0:0:0:
64,192,61015,1,0,0:0:0:0:
320,192,61015,1,0,0:0:0:0:
320,192,61090,1,0,0:0:0:0:
320,192,61165,1,0,0:0:0:0:
320,192,61240,1,0,0:0:0:0:
320,192,61315,1,0,0:0:0:0:
320,192,61390,1,0,0:0:0:0:
320,192,61465,1,0,0:0:0:0:
320,192,61540,1,0,0:0:0:0:
320,192,61615,1,0,0:0:0:0:
320,192,61690,1,0,0:0:0:0:
320,192,61765,1,0,0:0:0:0:
320,192,61840,1,0,0:0:0:0:
320,192,61915,1,0,0:0:0:0:
320,192,61990,1,0,0:0:0:0:
320,192,62065,1,0,0:0:0:0:
320,192,62140,1,0,0:0:0:0:
192,192,62215,1,0,0:0:0:0:
320,192,62215,1,0,0:0:0:0:
320,192,62290,1,0,0:0:0:0:
320,192,62365,1,0,0:0:0:0:
320,192,62440,1,0,0:0:0:0:
320,192,62515,1,0,0:0:0:0:
320,192,62590,1,0,0:0:0:0:
320,192,62665,1,0,0:0:0:0:
320,192,62740,1,0,0:0:0:0:
320,192,62815,1,0,0:0:0:0:
320,192,62890,1,0,0:0:0:0:
320,192,62965,1,0,0:0:0:0:
320,192,63040,1,0,0:0:0:0:
320,192,63115,1,0,0:0:0:0:
320,192,63190,1,0,0:0:0:0:
320,192,63265,1,0,0:0:0:0:
320,192,63340,1,0,0:0:0:0:
320,192,63415,1,0,0:0:0:0:
448,192,63415,1,0,0:0:0:0:
320,192,63490,1,0,0:0:0:0:
320,192,63565,1,0,0:0:0:0:
320,192,63640,1,0,0:0:0:0:
320,192,63715,1,0,0:0:0:0:
320,192,63790,1,0,0:0:0:0:
320,192,63865,1,0,0:0:0:0:
320,192,63940,1,0,0:0:0:0:
192,192,64015,1,0,0:0:0:0:
320,192,64015,1,0,0:0:0:0:
448,192,64015,1,0,0:0:0:0:
320,192,64090,1,0,0:0:0:0:
320,192,64165,1,0,0:0:0:0:
320,192,64240,1,0,0:0:0:0:
320,192,64315,1,0,0:0:0:0:
320,192,64390,1,0,0:0:0:0:
320,192,64465,1,0,0:0:0:0:
320,192,64540,1,0,0:0:0:0:
320,192,64615,1,0,0:0:0:0:
448,192,64615,1,0,0:0:0:0:
320,192,64690,1,0,0:0:0:0:
192,192,64765,1,0,0:0:0:0:
320,192,64765,1,0,0:0:0:0:
320,192,64840,1,0,0:0:0:0:
64,192,64915,1,0,0:0:0:0:
320,192,64915,1,0,0:0:0:0:
320,192,64990,1,0,0:0:0:0:
192,192,65065,1,0,0:0:0:0:
320,192,65065,1,0,0:0:0:0:
320,192,65140,1,0,0:0:0:0:
320,192,65215,1,0,0:0:0:0:
448,192,65215,1,0,0:0:0:0:
320,192,65290,1,0,0:0:0:0:
192,192,65365,1,0,0:0:0:0:
320,192,65365,1,0,0:0:0:0:
320,192,65440,1,0,0:0:0:0:
64,192,65515,1,0,0:0:0:0:
320,192,65515,1,0,0:0:0:0:
320,192,65590,1,0,0:0:0:0:
192,192,65665,1,0,0:0:0:0:
320,192,65665,1,0,0:0:0:0:
320,192,65740,1,0,0:0:0:0:
320,192,65815,1,0,0:0:0:0:
448,192,65815,1,0,0:0:0:0:
320,192,65890,1,0,0:0:0:0:
192,192,65965,1,0,0:0:0:0:
320,192,65965,1,0,0:0:0:0:
320,192,66040,1,0,0:0:0:0:
64,192,66115,1,0,0:0:0:0:
320,192,66115,1,0,0:0:0:0:
320,192,66190,1,0,0:0:0:0:
192,192,66265,1,0,0:0:0:0:
320,192,66265,1,0,0:0:0:0:
320,192,66340,1,0,0:0:0:0:
320,192,66415,1,0,0:0:0:0:
448,192,66415,1,0,0:0:0:0:
320,192,66490,1,0,0:0:0:0:
192,192,66565,1,0,0:0:0:0:
320,192,66565,1,0,0:0:0:0:
320,192,66640,1,0,0:0:0:0:
64,192,66715,1,0,0:0:0:0:
320,192,66715,1,0,0:0:0:0:
320,192,66790,1,0,0:0:0:0:
192,192,66865,1,0,0:0:0:0:
320,192,66865,1,0,0:0:0:0:
320,192,66940,1,0,0:0:0:0:
320,192,67015,1,0,0:0:0:0:
448,192,67015,1,0,0:0:0:0:
320,192,67090,1,0,0:0:0:0:
192,192,67165,1,0,0:0:0:0:
320,192,67165,1,0,0:0:0:0:
320,192,67240,1,0,0:0:0:0:
64,192,67315,1,0,0:0:0:0:
320,192,67315,1,0,0:0:0:0:
320,192,67390,1,0,0:0:0:0:
192,192,67465,1,0,0:0:0:0:
320,192,67465,1,0,0:0:0:0:
320,192,67540,1,0,0:0:0:0:
320,192,67615,1,0,0:0:0:0:
448,192,67615,1,0,0:0:0:0:
320,192,67690,1,0,0:0:0:0:
192,192,67765,1,0,0:0:0:0:
320,192,67765,1,0,0:0:0:0:
320,192,67840,1,0,0:0:0:0:
64,192,67915,1,0,0:0:0:0:
320,192,67915,1,0,0:0:0:0:
320,192,67990,1,0,0:0:0:0:
192,192,68065,1,0,0:0:0:0:
320,192,68065,1,0,0:0:0:0:
320,192,68140,1,0,0:0:0:0:
320,192,68215,1,0,0:0:0:0:
448,192,68215,1,0,0:0:0:0:
320,192,68290,1,0,0:0:0:0:
192,192,68365,1,0,0:0:0:0:
320,192,68365,1,0,0:0:0:0:
64,192,68440,1,0,0:0:0:0:
320,192,68440,1,0,0:0:0:0:
320,192,68515,1,0,0:0:0:0:
448,192,68515,1,0,0:0:0:0:
320,192,68590,1,0,0:0:0:0:
192,192,68665,1,0,0:0:0:0:
320,192,68665,1,0,0:0:0:0:
64,192,68740,1,0,0:0:0:0:
320,192,68740,1,0,0:0:0:0:
320,192,68815,1,0,0:0:0:0:
448,192,68815,1,0,0:0:0:0:
192,192,68890,1,0,0:0:0:0:
320,192,68890,1,0,0:0:0:0:
64,192,68965,1,0,0:0:0:0:
320,192,68965,1,0,0:0:0:0:
192,192,69040,1,0,0:0:0:0:
320,192,69040,1,0,0:0:0:0:
320,192,69115,1,0,0:0:0:0:
448,192,69115,1,0,0:0:0:0:
192,192,69190,1,0,0:0:0:0:
320,192,69190,1,0,0:0:0:0:
64,192,69265,1,0,0:0:0:0:
320,192,69265,1,0,0:0:0:0:
192,192,69340,1,0,0:0:0:0:
320,192,69340,1,0,0:0:0:0:
64,192,69415,1,0,0:0:0:0:
320,192,69415,1,0,0:0:0:0:
448,192,69415,1,0,0:0:0:0:
64,192,74215,1,0,0:0:0:0:
192,192,74215,1,0,0:0:0:0:
448,192,74215,1,0,0:0:0:0:
64,192,74815,1,0,0:0:0:0:
320,192,74815,1,0,0:0:0:0:
448,192,74815,1,0,0:0:0:0:
320,192,76015,1,0,0:0:0:0:
448,192,76015,1,0,0:0:0:0:
192,192,76215,1,0,0:0:0:0:
320,192,76215,1,0,0:0:0:0:
64,192,76415,1,0,0:0:0:0:
192,192,76415,1,0,0:0:0:0:
192,192,76615,1,0,0:0:0:0:
448,192,76615,1,0,0:0:0:0:
64,192,77215,1,0,0:0:0:0:
320,192,77215,1,0,0:0:0:0:
64,192,78415,1,0,0:0:0:0:
320,192,78415,1,0,0:0:0:0:
448,192,78415,1,0,0:0:0:0:
64,192,79015,1,0,0:0:0:0:
192,192,79015,1,0,0:0:0:0:
448,192,79015,1,0,0:0:0:0:
320,192,79615,1,0,0:0:0:0:
448,192,79615,1,0,0:0:0:0:
320,192,80815,1,0,0:0:0:0:
448,192,80815,1,0,0:0:0:0:
192,192,81015,1,0,0:0:0:0:
320,192,81015,1,0,0:0:0:0:
64,192,81215,1,0,0:0:0:0:
192,192,81215,1,0,0:0:0:0:
64,192,81415,1,0,0:0:0:0:
320,192,81415,1,0,0:0:0:0:
192,192,82015,1,0,0:0:0:0:
448,192,82015,1,0,0:0:0:0:
64,192,82915,1,0,0:0:0:0:
320,192,82915,1,0,0:0:0:0:
192,192,83215,1,0,0:0:0:0:
448,192,83215,1,0,0:0:0:0:
64,192,83515,1,0,0:0:0:0:
320,192,83515,1,0,0:0:0:0:
192,192,83815,1,0,0:0:0:0:
320,192,83815,1,0,0:0:0:0:
448,192,83815,1,0,0:0:0:0:
192,192,85015,1,0,0:0:0:0:
320,192,85015,1,0,0:0:0:0:
448,192,85015,1,0,0:0:0:0:
64,192,85615,1,0,0:0:0:0:
192,192,85615,1,0,0:0:0:0:
448,192,85615,1,0,0:0:0:0:
64,192,86215,1,0,0:0:0:0:
192,192,86215,1,0,0:0:0:0:
320,192,86215,1,0,0:0:0:0:
448,192,86215,1,0,0:0:0:0:
64,192,87415,1,0,0:0:0:0:
320,192,87415,1,0,0:0:0:0:
448,192,87415,1,0,0:0:0:0:
64,192,87715,1,0,0:0:0:0:
192,192,87715,1,0,0:0:0:0:
64,192,88015,1,0,0:0:0:0:
192,192,88015,1,0,0:0:0:0:
192,192,88215,1,0,0:0:0:0:
320,192,88215,1,0,0:0:0:0:
320,192,88415,1,0,0:0:0:0:
448,192,88415,1,0,0:0:0:0:
64,192,88615,1,0,0:0:0:0:
320,192,88615,1,0,0:0:0:0:
448,192,88615,1,0,0:0:0:0:
64,192,89215,1,0,0:0:0:0:
192,192,89215,1,0,0:0:0:0:
448,192,89215,1,0,0:0:0:0:
64,192,90115,1,0,0:0:0:0:
192,192,90115,1,0,0:0:0:0:
192,192,90415,1,0,0:0:0:0:
320,192,90415,1,0,0:0:0:0:
320,192,90715,1,0,0:0:0:0:
448,192,90715,1,0,0:0:0:0:
192,192,91015,1,0,0:0:0:0:
448,192,91015,1,0,0:0:0:0:
64,192,91615,1,0,0:0:0:0:
320,192,91615,1,0,0:0:0:0:
192,192,92215,1,0,0:0:0:0:
448,192,92215,1,0,0:0:0:0:
320,192,92815,1,0,0:0:0:0:
448,192,92815,1,0,0:0:0:0:
64,192,93415,1,0,0:0:0:0:
192,192,93415,1,0,0:0:0:0:
448,192,93415,1,0,0:0:0:0:
64,192,94015,1,0,0:0:0:0:
320,192,94015,1,0,0:0:0:0:
448,192,94015,1,0,0:0:0:0:
320,192,95215,1,0,0:0:0:0:
448,192,95215,1,0,0:0:0:0:
192,192,95415,1,0,0:0:0:0:
320,192,95415,1,0,0:0:0:0:
64,192,95615,1,0,0:0:0:0:
192,192,95615,1,0,0:0:0:0:
192,192,95815,1,0,0:0:0:0:
448,192,95815,1,0,0:0:0:0:
64,192,96415,1,0,0:0:0:0:
320,192,96415,1,0,0:0:0:0:
64,192,97615,1,0,0:0:0:0:
320,192,97615,1,0,0:0:0:0:
448,192,97615,1,0,0:0:0:0:
64,192,98215,1,0,0:0:0:0:
192,192,98215,1,0,0:0:0:0:
320,192,98215,1,0,0:0:0:0:
448,192,98215,1,0,0:0:0:0:
320,192,98815,1,0,0:0:0:0:
448,192,98815,1,0,0:0:0:0:
320,192,100015,1,0,0:0:0:0:
448,192,100015,1,0,0:0:0:0:
192,192,100215,1,0,0:0:0:0:
320,192,100215,1,0,0:0:0:0:
64,192,100415,1,0,0:0:0:0:
192,192,100415,1,0,0:0:0:0:
64,192,100615,1,0,0:0:0:0:
320,192,100615,1,0,0:0:0:0:
192,192,101215,1,0,0:0:0:0:
448,192,101215,1,0,0:0:0:0:
64,192,102115,1,0,0:0:0:0:
320,192,102115,1,0,0:0:0:0:
192,192,102415,1,0,0:0:0:0:
448,192,102415,1,0,0:0:0:0:
64,192,102715,1,0,0:0:0:0:
320,192,102715,1,0,0:0:0:0:
64,192,103015,1,0,0:0:0:0:
192,192,103015,1,0,0:0:0:0:
320,192,103015,1,0,0:0:0:0:
448,192,103015,1,0,0:0:0:0:
64,192,104215,1,0,0:0:0:0:
192,192,104215,1,0,0:0:0:0:
320,192,104215,1,0,0:0:0:0:
448,192,104215,1,0,0:0:0:0:
64,192,104815,1,0,0:0:0:0:
192,192,104815,1,0,0:0:0:0:
320,192,104815,1,0,0:0:0:0:
448,192,104815,1,0,0:0:0:0:
64,192,105415,1,0,0:0:0:0:
192,192,105415,1,0,0:0:0:0:
320,192,105415,1,0,0:0:0:0:
448,192,105415,1,0,0:0:0:0:
64,192,106615,1,0,0:0:0:0:
320,192,106615,1,0,0:0:0:0:
448,192,106615,1,0,0:0:0:0:
192,192,106915,1,0,0:0:0:0:
320,192,106915,1,0,0:0:0:0:
64,192,107215,1,0,0:0:0:0:
192,192,107215,1,0,0:0:0:0:
192,192,107415,1,0,0:0:0:0:
320,192,107415,1,0,0:0:0:0:
320,192,107615,1,0,0:0:0:0:
448,192,107615,1,0,0:0:0:0:
64,192,107815,1,0,0:0:0:0:
192,192,107815,1,0,0:0:0:0:
320,192,107815,1,0,0:0:0:0:
448,192,107815,1,0,0:0:0:0:
64,192,108415,1,0,0:0:0:0:
192,192,108415,1,0,0:0:0:0:
320,192,108415,1,0,0:0:0:0:
448,192,108415,1,0,0:0:0:0:
64,192,109015,1,0,0:0:0:0:
192,192,109015,1,0,0:0:0:0:
320,192,109015,1,0,0:0:0:0:
448,192,109015,1,0,0:0:0:0:
64,192,110215,1,0,0:0:0:0:
192,192,110215,1,0,0:0:0:0:
320,192,110215,1,0,0:0:0:0:
448,192,110215,1,0,0:0:0:0:
64,192,110815,1,0,0:0:0:0:
192,192,110815,1,0,0:0:0:0:
320,192,110815,1,0,0:0:0:0:
448,192,110815,1,0,0:0:0:0:
64,192,111415,1,0,0:0:0:0:
192,192,111415,1,0,0:0:0:0:
320,192,111415,1,0,0:0:0:0:
448,192,111415,1,0,0:0:0:0:
64,192,112015,1,0,0:0:0:0:
192,192,112015,1,0,0:0:0:0:
320,192,112015,1,0,0:0:0:0:
448,192,112015,1,0,0:0:0:0:
320,192,112615,1,0,0:0:0:0:
448,192,112615,1,0,0:0:0:0:
192,192,112765,1,0,0:0:0:0:
320,192,112765,1,0,0:0:0:0:
64,192,112915,1,0,0:0:0:0:
192,192,112915,1,0,0:0:0:0:
192,192,113065,1,0,0:0:0:0:
320,192,113065,1,0,0:0:0:0:
320,192,113215,1,0,0:0:0:0:
448,192,113215,1,0,0:0:0:0:
192,192,113365,1,0,0:0:0:0:
320,192,113365,1,0,0:0:0:0:
64,192,113515,1,0,0:0:0:0:
192,192,113515,1,0,0:0:0:0:
192,192,113665,1,0,0:0:0:0:
320,192,113665,1,0,0:0:0:0:
320,192,113815,1,0,0:0:0:0:
448,192,113815,1,0,0:0:0:0:
192,192,113965,1,0,0:0:0:0:
320,192,113965,1,0,0:0:0:0:
448,192,114040,1,0,0:0:0:0:
64,192,114115,1,0,0:0:0:0:
192,192,114115,1,0,0:0:0:0:
192,192,114265,1,0,0:0:0:0:
320,192,114265,1,0,0:0:0:0:
320,192,114415,1,0,0:0:0:0:
448,192,114415,1,0,0:0:0:0:
192,192,114565,1,0,0:0:0:0:
320,192,114565,1,0,0:0:0:0:
64,192,114715,1,0,0:0:0:0:
192,192,114715,1,0,0:0:0:0:
320,192,114715,1,0,0:0:0:0:
448,192,114715,1,0,0:0:0:0:
64,192,115015,1,0,0:0:0:0:
320,192,115015,1,0,0:0:0:0:
448,192,115015,1,0,0:0:0:0:
320,192,115090,1,0,0:0:0:0:
320,192,115165,1,0,0:0:0:0:
320,192,115240,1,0,0:0:0:0:
320,192,115315,1,0,0:0:0:0:
320,192,115390,1,0,0:0:0:0:
320,192,115465,1,0,0:0:0:0:
320,192,115540,1,0,0:0:0:0:
320,192,115615,1,0,0:0:0:0:
320,192,115690,1,0,0:0:0:0:
320,192,115765,1,0,0:0:0:0:
320,192,115840,1,0,0:0:0:0:
320,192,115915,1,0,0:0:0:0:
320,192,115990,1,0,0:0:0:0:
320,192,116065,1,0,0:0:0:0:
320,192,116140,1,0,0:0:0:0:
192,192,116215,1,0,0:0:0:0:
320,192,116215,1,0,0:0:0:0:
320,192,116290,1,0,0:0:0:0:
320,192,116365,1,0,0:0:0:0:
320,192,116440,1,0,0:0:0:0:
320,192,116515,1,0,0:0:0:0:
320,192,116590,1,0,0:0:0:0:
320,192,116665,1,0,0:0:0:0:
320,192,116740,1,0,0:0:0:0:
320,192,116815,1,0,0:0:0:0:
320,192,116890,1,0,0:0:0:0:
320,192,116965,1,0,0:0:0:0:
320,192,117040,1,0,0:0:0:0:
320,192,117115,1,0,0:0:0:0:
320,192,117190,1,0,0:0:0:0:
320,192,117265,1,0,0:0:0:0:
320,192,117340,1,0,0:0:0:0:
64,192,117415,1,0,0:0:0:0:
320,192,117415,1,0,0:0:0:0:
320,192,117490,1,0,0:0:0:0:
320,192,117565,1,0,0:0:0:0:
320,192,117640,1,0,0:0:0:0:
320,192,117715,1,0,0:0:0:0:
320,192,117790,1,0,0:0:0:0:
320,192,117865,1,0,0:0:0:0:
320,192,117940,1,0,0:0:0:0:
320,192,118015,1,0,0:0:0:0:
320,192,118090,1,0,0:0:0:0:
320,192,118165,1,0,0:0:0:0:
320,192,118240,1,0,0:0:0:0:
320,192,118315,1,0,0:0:0:0:
320,192,118390,1,0,0:0:0:0:
320,192,118465,1,0,0:0:0:0:
320,192,118540,1,0,0:0:0:0:
192,192,118615,1,0,0:0:0:0:
320,192,118615,1,0,0:0:0:0:
320,192,118690,1,0,0:0:0:0:
320,192,118765,1,0,0:0:0:0:
320,192,118840,1,0,0:0:0:0:
320,192,118915,1,0,0:0:0:0:
320,192,118990,1,0,0:0:0:0:
320,192,119065,1,0,0:0:0:0:
320,192,119140,1,0,0:0:0:0:
320,192,119215,1,0,0:0:0:0:
320,192,119290,1,0,0:0:0:0:
320,192,119365,1,0,0:0:0:0:
320,192,119440,1,0,0:0:0:0:
320,192,119515,1,0,0:0:0:0:
320,192,119590,1,0,0:0:0:0:
320,192,119665,1,0,0:0:0:0:
320,192,119740,1,0,0:0:0:0:
192,192,119815,1,0,0:0:0:0:
320,192,119815,1,0,0:0:0:0:
448,192,119815,1,0,0:0:0:0:
320,192,119890,1,0,0:0:0:0:
320,192,119965,1,0,0:0:0:0:
320,192,120040,1,0,0:0:0:0:
320,192,120115,1,0,0:0:0:0:
320,192,120190,1,0,0:0:0:0:
320,192,120265,1,0,0:0:0:0:
320,192,120340,1,0,0:0:0:0:
320,192,120415,1,0,0:0:0:0:
320,192,120490,1,0,0:0:0:0:
320,192,120565,1,0,0:0:0:0:
320,192,120640,1,0,0:0:0:0:
320,192,120715,1,0,0:0:0:0:
320,192,120790,1,0,0:0:0:0:
320,192,120865,1,0,0:0:0:0:
320,192,120940,1,0,0:0:0:0:
64,192,121015,1,0,0:0:0:0:
320,192,121015,1,0,0:0:0:0:
320,192,121090,1,0,0:0:0:0:
320,192,121165,1,0,0:0:0:0:
320,192,121240,1,0,0:0:0:0:
320,192,121315,1,0,0:0:0:0:
320,192,121390,1,0,0:0:0:0:
320,192,121465,1,0,0:0:0:0:
320,192,121540,1,0,0:0:0:0:
320,192,121615,1,0,0:0:0:0:
320,192,121690,1,0,0:0:0:0:
320,192,121765,1,0,0:0:0:0:
320,192,121840,1,0,0:0:0:0:
320,192,121915,1,0,0:0:0:0:
320,192,121990,1,0,0:0:0:0:
320,192,122065,1,0,0:0:0:0:
320,192,122140,1,0,0:0:0:0:
320,192,122215,1,0,0:0:0:0:
448,192,122215,1,0,0:0:0:0:
320,192,122290,1,0,0:0:0:0:
320,192,122365,1,0,0:0:0:0:
320,192,122440,1,0,0:0:0:0:
320,192,122515,1,0,0:0:0:0:
320,192,122590,1,0,0:0:0:0:
320,192,122665,1,0,0:0:0:0:
320,192,122740,1,0,0:0:0:0:
320,192,122815,1,0,0:0:0:0:
320,192,122890,1,0,0:0:0:0:
320,192,122965,1,0,0:0:0:0:
320,192,123040,1,0,0:0:0:0:
320,192,123115,1,0,0:0:0:0:
320,192,123190,1,0,0:0:0:0:
320,192,123265,1,0,0:0:0:0:
320,192,123340,1,0,0:0:0:0:
192,192,123415,1,0,0:0:0:0:
320,192,123415,1,0,0:0:0:0:
320,192,123490,1,0,0:0:0:0:
320,192,123565,1,0,0:0:0:0:
320,192,123640,1,0,0:0:0:0:
320,192,123715,1,0,0:0:0:0:
320,192,123790,1,0,0:0:0:0:
320,192,123865,1,0,0:0:0:0:
320,192,123940,1,0,0:0:0:0:
320,192,124015,1,0,0:0:0:0:
320,192,124090,1,0,0:0:0:0:
320,192,124165,1,0,0:0:0:0:
320,192,124240,1,0,0:0:0:0:
320,192,124315,1,0,0:0:0:0:
320,192,124390,1,0,0:0:0:0:
320,192,124465,1,0,0:0:0:0:
320,192,124540,1,0,0:0:0:0:
64,192,124615,1,0,0:0:0:0:
192,192,124615,1,0,0:0:0:0:
320,192,124615,1,0,0:0:0:0:
448,192,124615,1,0,0:0:0:0:
320,192,124690,1,0,0:0:0:0:
320,192,124765,1,0,0:0:0:0:
320,192,124840,1,0,0:0:0:0:
320,192,124915,1,0,0:0:0:0:
320,192,124990,1,0,0:0:0:0:
320,192,125065,1,0,0:0:0:0:
320,192,125140,1,0,0:0:0:0:
320,192,125215,1,0,0:0:0:0:
320,192,125290,1,0,0:0:0:0:
320,192,125365,1,0,0:0:0:0:
320,192,125440,1,0,0:0:0:0:
320,192,125515,1,0,0:0:0:0:
320,192,125590,1,0,0:0:0:0:
320,192,125665,1,0,0:0:0:0:
320,192,125740,1,0,0:0:0:0:
64,192,125815,1,0,0:0:0:0:
192,192,125815,1,0,0:0:0:0:
320,192,125815,1,0,0:0:0:0:
320,192,125890,1,0,0:0:0:0:
320,192,125965,1,0,0:0:0:0:
320,192,126040,1,0,0:0:0:0:
320,192,126115,1,0,0:0:0:0:
320,192,126190,1,0,0:0:0:0:
320,192,126265,1,0,0:0:0:0:
320,192,126340,1,0,0:0:0:0:
320,192,126415,1,0,0:0:0:0:
320,192,126490,1,0,0:0:0:0:
320,192,126565,1,0,0:0:0:0:
320,192,126640,1,0,0:0:0:0:
320,192,126715,1,0,0:0:0:0:
320,192,126790,1,0,0:0:0:0:
320,192,126865,1,0,0:0:0:0:
320,192,126940,1,0,0:0:0:0:
320,192,127015,1,0,0:0:0:0:
448,192,127015,1,0,0:0:0:0:
320,192,127090,1,0,0:0:0:0:
320,192,127165,1,0,0:0:0:0:
320,192,127240,1,0,0:0:0:0:
320,192,127315,1,0,0:0:0:0:
320,192,127390,1,0,0:0:0:0:
320,192,127465,1,0,0:0:0:0:
320,192,127540,1,0,0:0:0:0:
320,192,127615,1,0,0:0:0:0:
320,192,127690,1,0,0:0:0:0:
320,192,127765,1,0,0:0:0:0:
320,192,127840,1,0,0:0:0:0:
320,192,127915,1,0,0:0:0:0:
320,192,127990,1,0,0:0:0:0:
320,192,128065,1,0,0:0:0:0:
320,192,128140,1,0,0:0:0:0:
320,192,128215,1,0,0:0:0:0:
448,192,128215,1,0,0:0:0:0:
320,192,128290,1,0,0:0:0:0:
320,192,128365,1,0,0:0:0:0:
320,192,128440,1,0,0:0:0:0:
320,192,128515,1,0,0:0:0:0:
320,192,128590,1,0,0:0:0:0:
320,192,128665,1,0,0:0:0:0:
320,192,128740,1,0,0:0:0:0:
192,192,128815,1,0,0:0:0:0:
320,192,128815,1,0,0:0:0:0:
320,192,128890,1,0,0:0:0:0:
320,192,128965,1,0,0:0:0:0:
320,192,129040,1,0,0:0:0:0:
320,192,129115,1,0,0:0:0:0:
320,192,129190,1,0,0:0:0:0:
320,192,129265,1,0,0:0:0:0:
320,192,129340,1,0,0:0:0:0:
64,192,129415,1,0,0:0:0:0:
320,192,129415,1,0,0:0:0:0:
320,192,129490,1,0,0:0:0:0:
320,192,129565,1,0,0:0:0:0:
320,192,129640,1,0,0:0:0:0:
320,192,129715,1,0,0:0:0:0:
320,192,129790,1,0,0:0:0:0:
320,192,129865,1,0,0:0:0:0:
320,192,129940,1,0,0:0:0:0:
320,192,130015,1,0,0:0:0:0:
320,192,130090,1,0,0:0:0:0:
320,192,130165,1,0,0:0:0:0:
320,192,130240,1,0,0:0:0:0:
320,192,130315,1,0,0:0:0:0:
320,192,130390,1,0,0:0:0:0:
320,192,130465,1,0,0:0:0:0:
320,192,130540,1,0,0:0:0:0:
192,192,130615,1,0,0:0:0:0:
320,192,130615,1,0,0:0:0:0:
320,192,130690,1,0,0:0:0:0:
320,192,130765,1,0,0:0:0:0:
320,192,130840,1,0,0:0:0:0:
320,192,130915,1,0,0:0:0:0:
320,192,130990,1,0,0:0:0:0:
320,192,131065,1,0,0:0:0:0:
320,192,131140,1,0,0:0:0:0:
192,192,131215,1,0,0:0:0:0:
320,192,131215,1,0,0:0:0:0:
320,192,131290,1,0,0:0:0:0:
320,192,131365,1,0,0:0:0:0:
320,192,131440,1,0,0:0:0:0:
320,192,131515,1,0,0:0:0:0:
320,192,131590,1,0,0:0:0:0:
320,192,131665,1,0,0:0:0:0:
320,192,131740,1,0,0:0:0:0:
64,192,131815,1,0,0:0:0:0:
320,192,131815,1,0,0:0:0:0:
320,192,131890,1,0,0:0:0:0:
192,192,131965,1,0,0:0:0:0:
320,192,131965,1,0,0:0:0:0:
320,192,132040,1,0,0:0:0:0:
320,192,132115,1,0,0:0:0:0:
448,192,132115,1,0,0:0:0:0:
320,192,132190,1,0,0:0:0:0:
192,192,132265,1,0,0:0:0:0:
320,192,132265,1,0,0:0:0:0:
320,192,132340,1,0,0:0:0:0:
64,192,132415,1,0,0:0:0:0:
320,192,132415,1,0,0:0:0:0:
320,192,132490,1,0,0:0:0:0:
192,192,132565,1,0,0:0:0:0:
320,192,132565,1,0,0:0:0:0:
320,192,132640,1,0,0:0:0:0:
320,192,132715,1,0,0:0:0:0:
448,192,132715,1,0,0:0:0:0:
320,192,132790,1,0,0:0:0:0:
192,192,132865,1,0,0:0:0:0:
320,192,132865,1,0,0:0:0:0:
320,192,132940,1,0,0:0:0:0:
64,192,133015,1,0,0:0:0:0:
320,192,133015,1,0,0:0:0:0:
320,192,133090,1,0,0:0:0:0:
192,192,133165,1,0,0:0:0:0:
320,192,133165,1,0,0:0:0:0:
320,192,133240,1,0,0:0:0:0:
320,192,133315,1,0,0:0:0:0:
448,192,133315,1,0,0:0:0:0:
320,192,133390,1,0,0:0:0:0:
192,192,133465,1,0,0:0:0:0:
320,192,133465,1,0,0:0:0:0:
320,192,133540,1,0,0:0:0:0:
64,192,133615,1,0,0:0:0:0:
320,192,133615,1,0,0:0:0:0:
320,192,133690,1,0,0:0:0:0:
192,192,133765,1,0,0:0:0:0:
320,192,133765,1,0,0:0:0:0:
320,192,133840,1,0,0:0:0:0:
320,192,133915,1,0,0:0:0:0:
448,192,133915,1,0,0:0:0:0:
320,192,133990,1,0,0:0:0:0:
192,192,134065,1,0,0:0:0:0:
320,192,134065,1,0,0:0:0:0:
320,192,134140,1,0,0:0:0:0:
64,192,134215,1,0,0:0:0:0:
320,192,134215,1,0,0:0:0:0:
448,192,134215,1,0,0:0:0:0:
320,192,134290,1,0,0:0:0:0:
320,192,134365,1,0,0:0:0:0:
320,192,134440,1,0,0:0:0:0:
320,192,134515,1,0,0:0:0:0:
320,192,134590,1,0,0:0:0:0:
320,192,134665,1,0,0:0:0:0:
320,192,134740,1,0,0:0:0:0:
320,192,134815,1,0,0:0:0:0:
320,192,134890,1,0,0:0:0:0:
320,192,134965,1,0,0:0:0:0:
320,192,135040,1,0,0:0:0:0:
320,192,135115,1,0,0:0:0:0:
320,192,135190,1,0,0:0:0:0:
320,192,135265,1,0,0:0:0:0:
320,192,135340,1,0,0:0:0:0:
192,192,135415,1,0,0:0:0:0:
320,192,135415,1,0,0:0:0:0:
448,192,135415,1,0,0:0:0:0:
320,192,135490,1,0,0:0:0:0:
320,192,135565,1,0,0:0:0:0:
320,192,135640,1,0,0:0:0:0:
320,192,135715,1,0,0:0:0:0:
320,192,135790,1,0,0:0:0:0:
320,192,135865,1,0,0:0:0:0:
320,192,135940,1,0,0:0:0:0:
320,192,136015,1,0,0:0:0:0:
320,192,136090,1,0,0:0:0:0:
320,192,136165,1,0,0:0:0:0:
320,192,136240,1,0,0:0:0:0:
320,192,136315,1,0,0:0:0:0:
320,192,136390,1,0,0:0:0:0:
320,192,136465,1,0,0:0:0:0:
320,192,136540,1,0,0:0:0:0:
64,192,136615,1,0,0:0:0:0:
192,192,136615,1,0,0:0:0:0:
320,192,136615,1,0,0:0:0:0:
320,192,136690,1,0,0:0:0:0:
320,192,136765,1,0,0:0:0:0:
320,192,136840,1,0,0:0:0:0:
320,192,136915,1,0,0:0:0:0:
320,192,136990,1,0,0:0:0:0:
320,192,137065,1,0,0:0:0:0:
320,192,137140,1,0,0:0:0:0:
320,192,137215,1,0,0:0:0:0:
320,192,137290,1,0,0:0:0:0:
320,192,137365,1,0,0:0:0:0:
320,192,137440,1,0,0:0:0:0:
320,192,137515,1,0,0:0:0:0:
320,192,137590,1,0,0:0:0:0:
320,192,137665,1,0,0:0:0:0:
320,192,137740,1,0,0:0:0:0:
64,192,137815,1,0,0:0:0:0:
320,192,137815,1,0,0:0:0:0:
448,192,137815,1,0,0:0:0:0:
320,192,137890,1,0,0:0:0:0:
320,192,137965,1,0,0:0:0:0:
320,192,138040,1,0,0:0:0:0:
320,192,138115,1,0,0:0:0:0:
320,192,138190,1,0,0:0:0:0:
320,192,138265,1,0,0:0:0:0:
320,192,138340,1,0,0:0:0:0:
320,192,138415,1,0,0:0:0:0:
320,192,138490,1,0,0:0:0:0:
320,192,138565,1,0,0:0:0:0:
320,192,138640,1,0,0:0:0:0:
320,192,138715,1,0,0:0:0:0:
320,192,138790,1,0,0:0:0:0:
320,192,138865,1,0,0:0:0:0:
320,192,138940,1,0,0:0:0:0:
64,192,139015,1,0,0:0:0:0:
192,192,139015,1,0,0:0:0:0:
320,192,139015,1,0,0:0:0:0:
320,192,139090,1,0,0:0:0:0:
320,192,139165,1,0,0:0:0:0:
320,192,139240,1,0,0:0:0:0:
320,192,139315,1,0,0:0:0:0:
320,192,139390,1,0,0:0:0:0:
320,192,139465,1,0,0:0:0:0:
320,192,139540,1,0,0:0:0:0:
320,192,139615,1,0,0:0:0:0:
320,192,139690,1,0,0:0:0:0:
320,192,139765,1,0,0:0:0:0:
320,192,139840,1,0,0:0:0:0:
320,192,139915,1,0,0:0:0:0:
320,192,139990,1,0,0:0:0:0:
320,192,140065,1,0,0:0:0:0:
320,192,140140,1,0,0:0:0:0:
192,192,140215,1,0,0:0:0:0:
320,192,140215,1,0,0:0:0:0:
448,192,140215,1,0,0:0:0:0:
320,192,140290,1,0,0:0:0:0:
320,192,140365,1,0,0:0:0:0:
320,192,140440,1,0,0:0:0:0:
320,192,140515,1,0,0:0:0:0:
320,192,140590,1,0,0:0:0:0:
320,192,140665,1,0,0:0:0:0:
320,192,140740,1,0,0:0:0:0:
320,192,140815,1,0,0:0:0:0:
320,192,140890,1,0,0:0:0:0:
320,192,140965,1,0,0:0:0:0:
320,192,141040,1,0,0:0:0:0:
320,192,141115,1,0,0:0:0:0:
320,192,141190,1,0,0:0:0:0:
320,192,141265,1,0,0:0:0:0:
320,192,141340,1,0,0:0:0:0:
64,192,141415,1,0,0:0:0:0:
320,192,141415,1,0,0:0:0:0:
448,192,141415,1,0,0:0:0:0:
320,192,141490,1,0,0:0:0:0:
320,192,141565,1,0,0:0:0:0:
320,192,141640,1,0,0:0:0:0:
320,192,141715,1,0,0:0:0:0:
320,192,141790,1,0,0:0:0:0:
320,192,141865,1,0,0:0:0:0:
320,192,141940,1,0,0:0:0:0:
320,192,142015,1,0,0:0:0:0:
320,192,142090,1,0,0:0:0:0:
320,192,142165,1,0,0:0:0:0:
320,192,142240,1,0,0:0:0:0:
320,192,142315,1,0,0:0:0:0:
320,192,142390,1,0,0:0:0:0:
320,192,142465,1,0,0:0:0:0:
320,192,142540,1,0,0:0:0:0:
64,192,142615,1,0,0:0:0:0:
192,192,142615,1,0,0:0:0:0:
320,192,142615,1,0,0:0:0:0:
320,192,142690,1,0,0:0:0:0:
320,192,142765,1,0,0:0:0:0:
320,192,142840,1,0,0:0:0:0:
320,192,142915,1,0,0:0:0:0:
320,192,142990,1,0,0:0:0:0:
320,192,143065,1,0,0:0:0:0:
320,192,143140,1,0,0:0:0:0:
320,192,143215,1,0,0:0:0:0:
320,192,143290,1,0,0:0:0:0:
320,192,143365,1,0,0:0:0:0:
320,192,143440,1,0,0:0:0:0:
320,192,143515,1,0,0:0:0:0:
320,192,143590,1,0,0:0:0:0:
320,192,143665,1,0,0:0:0:0:
320,192,143740,1,0,0:0:0:0:
192,192,143815,1,0,0:0:0:0:
320,192,143815,1,0,0:0:0:0:
448,192,143815,1,0,0:0:0:0:
320,192,143890,1,0,0:0:0:0:
320,192,143965,1,0,0:0:0:0:
320,192,144040,1,0,0:0:0:0:
320,192,144115,1,0,0:0:0:0:
320,192,144190,1,0,0:0:0:0:
320,192,144265,1,0,0:0:0:0:
320,192,144340,1,0,0:0:0:0:
64,192,144415,1,0,0:0:0:0:
320,192,144415,1,0,0:0:0:0:
448,192,144415,1,0,0:0:0:0:
320,192,144490,1,0,0:0:0:0:
320,192,144565,1,0,0:0:0:0:
320,192,144640,1,0,0:0:0:0:
320,192,144715,1,0,0:0:0:0:
320,192,144790,1,0,0:0:0:0:
320,192,144865,1,0,0:0:0:0:
320,192,144940,1,0,0:0:0:0:
64,192,145015,1,0,0:0:0:0:
192,192,145015,1,0,0:0:0:0:
320,192,145015,1,0,0:0:0:0:
320,192,145090,1,0,0:0:0:0:
320,192,145165,1,0,0:0:0:0:
320,192,145240,1,0,0:0:0:0:
320,192,145315,1,0,0:0:0:0:
320,192,145390,1,0,0:0:0:0:
320,192,145465,1,0,0:0:0:0:
320,192,145540,1,0,0:0:0:0:
64,192,145615,1,0,0:0:0:0:
320,192,145615,1,0,0:0:0:0:
448,192,145615,1,0,0:0:0:0:
320,192,145690,1,0,0:0:0:0:
320,192,145765,1,0,0:0:0:0:
320,192,145840,1,0,0:0:0:0:
320,192,145915,1,0,0:0:0:0:
320,192,145990,1,0,0:0:0:0:
320,192,146065,1,0,0:0:0:0:
320,192,146140,1,0,0:0:0:0:
192,192,146215,1,0,0:0:0:0:
320,192,146215,1,0,0:0:0:0:
448,192,146215,1,0,0:0:0:0:
320,192,146290,1,0,0:0:0:0:
320,192,146365,1,0,0:0:0:0:
320,192,146440,1,0,0:0:0:0:
320,192,146515,1,0,0:0:0:0:
320,192,146590,1,0,0:0:0:0:
320,192,146665,1,0,0:0:0:0:
320,192,146740,1,0,0:0:0:0:
320,192,146815,1,0,0:0:0:0:
320,192,146890,1,0,0:0:0:0:
320,192,146965,1,0,0:0:0:0:
320,192,147040,1,0,0:0:0:0:
320,192,147115,1,0,0:0:0:0:
320,192,147190,1,0,0:0:0:0:
320,192,147265,1,0,0:0:0:0:
320,192,147340,1,0,0:0:0:0:
64,192,147415,1,0,0:0:0:0:
192,192,147415,1,0,0:0:0:0:
320,192,147415,1,0,0:0:0:0:
320,192,147490,1,0,0:0:0:0:
320,192,147565,1,0,0:0:0:0:
320,192,147640,1,0,0:0:0:0:
320,192,147715,1,0,0:0:0:0:
320,192,147790,1,0,0:0:0:0:
320,192,147865,1,0,0:0:0:0:
320,192,147940,1,0,0:0:0:0:
320,192,148015,1,0,0:0:0:0:
320,192,148090,1,0,0:0:0:0:
320,192,148165,1,0,0:0:0:0:
320,192,148240,1,0,0:0:0:0:
320,192,148315,1,0,0:0:0:0:
320,192,148390,1,0,0:0:0:0:
320,192,148465,1,0,0:0:0:0:
320,192,148540,1,0,0:0:0:0:
64,192,148615,1,0,0:0:0:0:
320,192,148615,1,0,0:0:0:0:
448,192,148615,1,0,0:0:0:0:
320,192,148690,1,0,0:0:0:0:
192,192,148765,1,0,0:0:0:0:
320,192,148765,1,0,0:0:0:0:
320,192,148840,1,0,0:0:0:0:
64,192,148915,1,0,0:0:0:0:
320,192,148915,1,0,0:0:0:0:
320,192,148990,1,0,0:0:0:0:
192,192,149065,1,0,0:0:0:0:
320,192,149065,1,0,0:0:0:0:
320,192,149140,1,0,0:0:0:0:
320,192,149215,1,0,0:0:0:0:
448,192,149215,1,0,0:0:0:0:
320,192,149290,1,0,0:0:0:0:
192,192,149365,1,0,0:0:0:0:
320,192,149365,1,0,0:0:0:0:
320,192,149440,1,0,0:0:0:0:
64,192,149515,1,0,0:0:0:0:
320,192,149515,1,0,0:0:0:0:
320,192,149590,1,0,0:0:0:0:
192,192,149665,1,0,0:0:0:0:
320,192,149665,1,0,0:0:0:0:
320,192,149740,1,0,0:0:0:0:
64,192,149815,1,0,0:0:0:0:
320,192,149815,1,0,0:0:0:0:
448,192,149815,1,0,0:0:0:0:
320,192,149890,1,0,0:0:0:0:
192,192,149965,1,0,0:0:0:0:
320,192,149965,1,0,0:0:0:0:
320,192,150040,1,0,0:0:0:0:
64,192,150115,1,0,0:0:0:0:
320,192,150115,1,0,0:0:0:0:
320,192,150190,1,0,0:0:0:0:
192,192,150265,1,0,0:0:0:0:
320,192,150265,1,0,0:0:0:0:
320,192,150340,1,0,0:0:0:0:
320,192,150415,1,0,0:0:0:0:
448,192,150415,1,0,0:0:0:0:
320,192,150490,1,0,0:0:0:0:
192,192,150565,1,0,0:0:0:0:
320,192,150565,1,0,0:0:0:0:
320,192,150640,1,0,0:0:0:0:
64,192,150715,1,0,0:0:0:0:
320,192,150715,1,0,0:0:0:0:
320,192,150790,1,0,0:0:0:0:
192,192,150865,1,0,0:0:0:0:
320,192,150865,1,0,0:0:0:0:
320,192,150940,1,0,0:0:0:0:
64,192,151015,1,0,0:0:0:0:
320,192,151015,1,0,0:0:0:0:
448,192,151015,1,0,0:0:0:0:
320,192,151090,1,0,0:0:0:0:
192,192,151165,1,0,0:0:0:0:
320,192,151165,1,0,0:0:0:0:
320,192,151240,1,0,0:0:0:0:
64,192,151315,1,0,0:0:0:0:
320,192,151315,1,0,0:0:0:0:
320,192,151390,1,0,0:0:0:0:
192,192,151465,1,0,0:0:0:0:
320,192,151465,1,0,0:0:0:0:
320,192,151540,1,0,0:0:0:0:
320,192,151615,1,0,0:0:0:0:
448,192,151615,1,0,0:0:0:0:
320,192,151690,1,0,0:0:0:0:
192,192,151765,1,0,0:0:0:0:
320,192,151765,1,0,0:0:0:0:
320,192,151840,1,0,0:0:0:0:
64,192,151915,1,0,0:0:0:0:
320,192,151915,1,0,0:0:0:0:
320,192,151990,1,0,0:0:0:0:
192,192,152065,1,0,0:0:0:0:
320,192,152065,1,0,0:0:0:0:
320,192,152140,1,0,0:0:0:0:
64,192,152215,1,0,0:0:0:0:
320,192,152215,1,0,0:0:0:0:
448,192,152215,1,0,0:0:0:0:
320,192,152290,1,0,0:0:0:0:
192,192,152365,1,0,0:0:0:0:
320,192,152365,1,0,0:0:0:0:
320,192,152440,1,0,0:0:0:0:
64,192,152515,1,0,0:0:0:0:
320,192,152515,1,0,0:0:0:0:
320,192,152590,1,0,0:0:0:0:
192,192,152665,1,0,0:0:0:0:
320,192,152665,1,0,0:0:0:0:
320,192,152740,1,0,0:0:0:0:
320,192,152815,1,0,0:0:0:0:
448,192,152815,1,0,0:0:0:0:
320,192,152890,1,0,0:0:0:0:
192,192,152965,1,0,0:0:0:0:
320,192,152965,1,0,0:0:0:0:
320,192,153040,1,0,0:0:0:0:
64,192,153115,1,0,0:0:0:0:
320,192,153115,1,0,0:0:0:0:
320,192,153190,1,0,0:0:0:0:
192,192,153265,1,0,0:0:0:0:
320,192,153265,1,0,0:0:0:0:
320,192,153340,1,0,0:0:0:0:
64,192,153415,1,0,0:0:0:0:
192,192,153415,1,0,0:0:0:0:
320,192,153415,1,0,0:0:0:0:
448,192,153415,1,0,0:0:0:0:
320,192,153490,1,0,0:0:0:0:
320,192,153565,1,0,0:0:0:0:
320,192,153640,1,0,0:0:0:0:
320,192,153715,1,0,0:0:0:0:
320,192,153790,1,0,0:0:0:0:
320,192,153865,1,0,0:0:0:0:
320,192,153940,1,0,0:0:0:0:
192,192,154015,1,0,0:0:0:0:
320,192,154015,1,0,0:0:0:0:
448,192,154015,1,0,0:0:0:0:
320,192,154090,1,0,0:0:0:0:
320,192,154165,1,0,0:0:0:0:
320,192,154240,1,0,0:0:0:0:
320,192,154315,1,0,0:0:0:0:
320,192,154390,1,0,0:0:0:0:
320,192,154465,1,0,0:0:0:0:
320,192,154540,1,0,0:0:0:0:
320,192,154615,1,0,0:0:0:0:
320,192,154690,1,0,0:0:0:0:
320,192,154765,1,0,0:0:0:0:
320,192,154840,1,0,0:0:0:0:
320,192,154915,1,0,0:0:0:0:
320,192,154990,1,0,0:0:0:0:
320,192,155065,1,0,0:0:0:0:
320,192,155140,1,0,0:0:0:0:
320,192,155215,1,0,0:0:0:0:
448,192,155215,1,0,0:0:0:0:
320,192,155290,1,0,0:0:0:0:
320,192,155365,1,0,0:0:0:0:
192,192,155415,1,0,0:0:0:0:
320,192,155440,1,0,0:0:0:0:
320,192,155515,1,0,0:0:0:0:
320,192,155590,1,0,0:0:0:0:
64,192,155615,1,0,0:0:0:0:
320,192,155665,1,0,0:0:0:0:
320,192,155740,1,0,0:0:0:0:
64,192,155815,1,0,0:0:0:0:
320,192,155815,1,0,0:0:0:0:
448,192,155815,1,0,0:0:0:0:
320,192,155890,1,0,0:0:0:0:
320,192,155965,1,0,0:0:0:0:
320,192,156040,1,0,0:0:0:0:
320,192,156115,1,0,0:0:0:0:
320,192,156190,1,0,0:0:0:0:
320,192,156265,1,0,0:0:0:0:
320,192,156340,1,0,0:0:0:0:
64,192,156415,1,0,0:0:0:0:
192,192,156415,1,0,0:0:0:0:
320,192,156415,1,0,0:0:0:0:
320,192,156490,1,0,0:0:0:0:
320,192,156565,1,0,0:0:0:0:
320,192,156640,1,0,0:0:0:0:
320,192,156715,1,0,0:0:0:0:
320,192,156790,1,0,0:0:0:0:
320,192,156865,1,0,0:0:0:0:
320,192,156940,1,0,0:0:0:0:
320,192,157015,1,0,0:0:0:0:
320,192,157090,1,0,0:0:0:0:
320,192,157165,1,0,0:0:0:0:
320,192,157240,1,0,0:0:0:0:
320,192,157315,1,0,0:0:0:0:
320,192,157390,1,0,0:0:0:0:
320,192,157465,1,0,0:0:0:0:
320,192,157540,1,0,0:0:0:0:
192,192,157615,1,0,0:0:0:0:
320,192,157615,1,0,0:0:0:0:
320,192,157690,1,0,0:0:0:0:
320,192,157765,1,0,0:0:0:0:
320,192,157840,1,0,0:0:0:0:
320,192,157915,1,0,0:0:0:0:
320,192,157990,1,0,0:0:0:0:
320,192,158065,1,0,0:0:0:0:
320,192,158140,1,0,0:0:0:0:
64,192,158215,1,0,0:0:0:0:
320,192,158215,1,0,0:0:0:0:
448,192,158215,1,0,0:0:0:0:
320,192,158290,1,0,0:0:0:0:
320,192,158365,1,0,0:0:0:0:
320,192,158440,1,0,0:0:0:0:
320,192,158515,1,0,0:0:0:0:
320,192,158590,1,0,0:0:0:0:
320,192,158665,1,0,0:0:0:0:
320,192,158740,1,0,0:0:0:0:
192,192,158815,1,0,0:0:0:0:
320,192,158815,1,0,0:0:0:0:
320,192,158890,1,0,0:0:0:0:
320,192,158965,1,0,0:0:0:0:
320,192,159040,1,0,0:0:0:0:
320,192,159115,1,0,0:0:0:0:
320,192,159190,1,0,0:0:0:0:
320,192,159265,1,0,0:0:0:0:
320,192,159340,1,0,0:0:0:0:
320,192,159415,1,0,0:0:0:0:
320,192,159490,1,0,0:0:0:0:
320,192,159565,1,0,0:0:0:0:
320,192,159640,1,0,0:0:0:0:
320,192,159715,1,0,0:0:0:0:
320,192,159790,1,0,0:0:0:0:
320,192,159865,1,0,0:0:0:0:
320,192,159940,1,0,0:0:0:0:
320,192,160015,1,0,0:0:0:0:
448,192,160015,1,0,0:0:0:0:
320,192,160090,1,0,0:0:0:0:
320,192,160165,1,0,0:0:0:0:
192,192,160215,1,0,0:0:0:0:
320,192,160240,1,0,0:0:0:0:
320,192,160315,1,0,0:0:0:0:
320,192,160390,1,0,0:0:0:0:
64,192,160415,1,0,0:0:0:0:
320,192,160465,1,0,0:0:0:0:
320,192,160540,1,0,0:0:0:0:
192,192,160615,1,0,0:0:0:0:
320,192,160615,1,0,0:0:0:0:
448,192,160615,1,0,0:0:0:0:
320,192,160690,1,0,0:0:0:0:
320,192,160765,1,0,0:0:0:0:
320,192,160840,1,0,0:0:0:0:
320,192,160915,1,0,0:0:0:0:
320,192,160990,1,0,0:0:0:0:
320,192,161065,1,0,0:0:0:0:
320,192,161140,1,0,0:0:0:0:
64,192,161215,1,0,0:0:0:0:
192,192,161215,1,0,0:0:0:0:
320,192,161215,1,0,0:0:0:0:
320,192,161290,1,0,0:0:0:0:
320,192,161365,1,0,0:0:0:0:
320,192,161440,1,0,0:0:0:0:
320,192,161515,1,0,0:0:0:0:
320,192,161590,1,0,0:0:0:0:
320,192,161665,1,0,0:0:0:0:
320,192,161740,1,0,0:0:0:0:
320,192,161815,1,0,0:0:0:0:
320,192,161890,1,0,0:0:0:0:
320,192,161965,1,0,0:0:0:0:
320,192,162040,1,0,0:0:0:0:
320,192,162115,1,0,0:0:0:0:
320,192,162190,1,0,0:0:0:0:
320,192,162265,1,0,0:0:0:0:
320,192,162340,1,0,0:0:0:0:
320,192,162415,1,0,0:0:0:0:
320,192,162490,1,0,0:0:0:0:
320,192,162565,1,0,0:0:0:0:
320,192,162640,1,0,0:0:0:0:
192,192,162715,1,0,0:0:0:0:
320,192,162715,1,0,0:0:0:0:
320,192,162790,1,0,0:0:0:0:
320,192,162865,1,0,0:0:0:0:
320,192,162940,1,0,0:0:0:0:
64,192,163015,1,0,0:0:0:0:
320,192,163015,1,0,0:0:0:0:
448,192,163015,1,0,0:0:0:0:
320,192,163090,1,0,0:0:0:0:
320,192,163165,1,0,0:0:0:0:
320,192,163240,1,0,0:0:0:0:
320,192,163315,1,0,0:0:0:0:
320,192,163390,1,0,0:0:0:0:
320,192,163465,1,0,0:0:0:0:
320,192,163540,1,0,0:0:0:0:
192,192,163615,1,0,0:0:0:0:
320,192,163615,1,0,0:0:0:0:
320,192,163690,1,0,0:0:0:0:
320,192,163765,1,0,0:0:0:0:
320,192,163840,1,0,0:0:0:0:
320,192,163915,1,0,0:0:0:0:
320,192,163990,1,0,0:0:0:0:
320,192,164065,1,0,0:0:0:0:
320,192,164140,1,0,0:0:0:0:
320,192,164215,1,0,0:0:0:0:
320,192,164290,1,0,0:0:0:0:
320,192,164365,1,0,0:0:0:0:
320,192,164440,1,0,0:0:0:0:
320,192,164515,1,0,0:0:0:0:
320,192,164590,1,0,0:0:0:0:
320,192,164665,1,0,0:0:0:0:
320,192,164740,1,0,0:0:0:0:
320,192,164815,1,0,0:0:0:0:
448,192,164815,1,0,0:0:0:0:
320,192,164890,1,0,0:0:0:0:
320,192,164965,1,0,0:0:0:0:
192,192,165015,1,0,0:0:0:0:
320,192,165040,1,0,0:0:0:0:
320,192,165115,1,0,0:0:0:0:
320,192,165190,1,0,0:0:0:0:
64,192,165215,1,0,0:0:0:0:
320,192,165265,1,0,0:0:0:0:
320,192,165340,1,0,0:0:0:0:
192,192,165415,1,0,0:0:0:0:
320,192,165415,1,0,0:0:0:0:
448,192,165415,1,0,0:0:0:0:
320,192,165490,1,0,0:0:0:0:
320,192,165565,1,0,0:0:0:0:
320,192,165640,1,0,0:0:0:0:
320,192,165715,1,0,0:0:0:0:
320,192,165790,1,0,0:0:0:0:
320,192,165865,1,0,0:0:0:0:
320,192,165940,1,0,0:0:0:0:
64,192,166015,1,0,0:0:0:0:
320,192,166015,1,0,0:0:0:0:
320,192,166090,1,0,0:0:0:0:
320,192,166165,1,0,0:0:0:0:
320,192,166240,1,0,0:0:0:0:
320,192,166315,1,0,0:0:0:0:
320,192,166390,1,0,0:0:0:0:
320,192,166465,1,0,0:0:0:0:
320,192,166540,1,0,0:0:0:0:
320,192,166615,1,0,0:0:0:0:
320,192,166690,1,0,0:0:0:0:
320,192,166765,1,0,0:0:0:0:
320,192,166840,1,0,0:0:0:0:
320,192,166915,1,0,0:0:0:0:
320,192,166990,1,0,0:0:0:0:
320,192,167065,1,0,0:0:0:0:
320,192,167140,1,0,0:0:0:0:
192,192,167215,1,0,0:0:0:0:
320,192,167215,1,0,0:0:0:0:
320,192,167290,1,0,0:0:0:0:
320,192,167365,1,0,0:0:0:0:
320,192,167440,1,0,0:0:0:0:
320,192,167515,1,0,0:0:0:0:
320,192,167590,1,0,0:0:0:0:
320,192,167665,1,0,0:0:0:0:
320,192,167740,1,0,0:0:0:0:
64,192,167815,1,0,0:0:0:0:
320,192,167815,1,0,0:0:0:0:
448,192,167815,1,0,0:0:0:0:
320,192,167890,1,0,0:0:0:0:
192,192,167965,1,0,0:0:0:0:
320,192,167965,1,0,0:0:0:0:
320,192,168040,1,0,0:0:0:0:
64,192,168115,1,0,0:0:0:0:
320,192,168115,1,0,0:0:0:0:
320,192,168190,1,0,0:0:0:0:
192,192,168265,1,0,0:0:0:0:
320,192,168265,1,0,0:0:0:0:
320,192,168340,1,0,0:0:0:0:
320,192,168415,1,0,0:0:0:0:
448,192,168415,1,0,0:0:0:0:
320,192,168490,1,0,0:0:0:0:
192,192,168565,1,0,0:0:0:0:
320,192,168565,1,0,0:0:0:0:
320,192,168640,1,0,0:0:0:0:
64,192,168715,1,0,0:0:0:0:
320,192,168715,1,0,0:0:0:0:
320,192,168790,1,0,0:0:0:0:
192,192,168865,1,0,0:0:0:0:
320,192,168865,1,0,0:0:0:0:
320,192,168940,1,0,0:0:0:0:
64,192,169015,1,0,0:0:0:0:
320,192,169015,1,0,0:0:0:0:
448,192,169015,1,0,0:0:0:0:
320,192,169090,1,0,0:0:0:0:
192,192,169165,1,0,0:0:0:0:
320,192,169165,1,0,0:0:0:0:
320,192,169240,1,0,0:0:0:0:
64,192,169315,1,0,0:0:0:0:
320,192,169315,1,0,0:0:0:0:
320,192,169390,1,0,0:0:0:0:
192,192,169465,1,0,0:0:0:0:
320,192,169465,1,0,0:0:0:0:
320,192,169540,1,0,0:0:0:0:
320,192,169615,1,0,0:0:0:0:
448,192,169615,1,0,0:0:0:0:
320,192,169690,1,0,0:0:0:0:
192,192,169765,1,0,0:0:0:0:
320,192,169765,1,0,0:0:0:0:
320,192,169840,1,0,0:0:0:0:
64,192,169915,1,0,0:0:0:0:
320,192,169915,1,0,0:0:0:0:
320,192,169990,1,0,0:0:0:0:
192,192,170065,1,0,0:0:0:0:
320,192,170065,1,0,0:0:0:0:
320,192,170140,1,0,0:0:0:0:
64,192,170215,1,0,0:0:0:0:
320,192,170215,1,0,0:0:0:0:
448,192,170215,1,0,0:0:0:0:
320,192,170290,1,0,0:0:0:0:
192,192,170365,1,0,0:0:0:0:
320,192,170365,1,0,0:0:0:0:
320,192,170440,1,0,0:0:0:0:
64,192,170515,1,0,0:0:0:0:
320,192,170515,1,0,0:0:0:0:
320,192,170590,1,0,0:0:0:0:
192,192,170665,1,0,0:0:0:0:
320,192,170665,1,0,0:0:0:0:
320,192,170740,1,0,0:0:0:0:
320,192,170815,1,0,0:0:0:0:
448,192,170815,1,0,0:0:0:0:
320,192,170890,1,0,0:0:0:0:
192,192,170965,1,0,0:0:0:0:
320,192,170965,1,0,0:0:0:0:
320,192,171040,1,0,0:0:0:0:
64,192,171115,1,0,0:0:0:0:
320,192,171115,1,0,0:0:0:0:
320,192,171190,1,0,0:0:0:0:
192,192,171265,1,0,0:0:0:0:
320,192,171265,1,0,0:0:0:0:
320,192,171340,1,0,0:0:0:0:
64,192,171415,1,0,0:0:0:0:
320,192,171415,1,0,0:0:0:0:
448,192,171415,1,0,0:0:0:0:
320,192,171490,1,0,0:0:0:0:
320,192,171565,1,0,0:0:0:0:
448,192,171565,1,0,0:0:0:0:
192,192,171640,1,0,0:0:0:0:
320,192,171640,1,0,0:0:0:0:
64,192,171715,1,0,0:0:0:0:
320,192,171715,1,0,0:0:0:0:
320,192,171790,1,0,0:0:0:0:
320,192,171865,1,0,0:0:0:0:
448,192,171865,1,0,0:0:0:0:
192,192,171940,1,0,0:0:0:0:
320,192,171940,1,0,0:0:0:0:
64,192,172015,1,0,0:0:0:0:
320,192,172015,1,0,0:0:0:0:
192,192,172090,1,0,0:0:0:0:
320,192,172090,1,0,0:0:0:0:
320,192,172165,1,0,0:0:0:0:
448,192,172165,1,0,0:0:0:0:
192,192,172240,1,0,0:0:0:0:
320,192,172240,1,0,0:0:0:0:
64,192,172315,1,0,0:0:0:0:
320,192,172315,1,0,0:0:0:0:
192,192,172390,1,0,0:0:0:0:
320,192,172390,1,0,0:0:0:0:
320,192,172465,1,0,0:0:0:0:
448,192,172465,1,0,0:0:0:0:
192,192,172540,1,0,0:0:0:0:
320,192,172540,1,0,0:0:0:0:
64,192,172615,1,0,0:0:0:0:
320,192,172615,1,0,0:0:0:0:
448,192,172615,1,0,0:0:0:0:
64,192,173815,1,0,0:0:0:0:
320,192,173815,1,0,0:0:0:0:
448,192,173815,1,0,0:0:0:0:
64,192,174415,1,0,0:0:0:0:
192,192,174415,1,0,0:0:0:0:
448,192,174415,1,0,0:0:0:0:
64,192,175015,1,0,0:0:0:0:
192,192,175015,1,0,0:0:0:0:
320,192,175015,1,0,0:0:0:0:
448,192,175015,1,0,0:0:0:0:
192,192,176215,1,0,0:0:0:0:
448,192,176215,1,0,0:0:0:0:
64,192,176515,1,0,0:0:0:0:
320,192,176515,1,0,0:0:0:0:
64,192,176815,1,0,0:0:0:0:
192,192,176815,1,0,0:0:0:0:
192,192,177015,1,0,0:0:0:0:
320,192,177015,1,0,0:0:0:0:
320,192,177215,1,0,0:0:0:0:
448,192,177215,1,0,0:0:0:0:
192,192,177415,1,0,0:0:0:0:
448,192,177415,1,0,0:0:0:0:
64,192,178015,1,0,0:0:0:0:
320,192,178015,1,0,0:0:0:0:
64,192,178915,1,0,0:0:0:0:
192,192,178915,1,0,0:0:0:0:
192,192,179215,1,0,0:0:0:0:
320,192,179215,1,0,0:0:0:0:
320,192,179515,1,0,0:0:0:0:
448,192,179515,1,0,0:0:0:0:
64,192,179815,1,0,0:0:0:0:
192,192,179815,1,0,0:0:0:0:
448,192,179815,1,0,0:0:0:0:
64,192,180415,1,0,0:0:0:0:
320,192,180415,1,0,0:0:0:0:
448,192,180415,1,0,0:0:0:0:
64,192,181015,1,0,0:0:0:0:
192,192,181015,1,0,0:0:0:0:
320,192,181015,1,0,0:0:0:0:
192,192,181615,1,0,0:0:0:0:
320,192,181615,1,0,0:0:0:0:
448,192,181615,1,0,0:0:0:0:
320,192,182215,1,0,0:0:0:0:
448,192,182215,1,0,0:0:0:0:
192,192,182365,1,0,0:0:0:0:
320,192,182365,1,0,0:0:0:0:
64,192,182515,1,0,0:0:0:0:
192,192,182515,1,0,0:0:0:0:
192,192,182665,1,0,0:0:0:0:
320,192,182665,1,0,0:0:0:0:
320,192,182815,1,0,0:0:0:0:
448,192,182815,1,0,0:0:0:0:
192,192,182965,1,0,0:0:0:0:
320,192,182965,1,0,0:0:0:0:
64,192,183115,1,0,0:0:0:0:
192,192,183115,1,0,0:0:0:0:
192,192,183265,1,0,0:0:0:0:
320,192,183265,1,0,0:0:0:0:
320,192,183415,1,0,0:0:0:0:
448,192,183415,1,0,0:0:0:0:
192,192,183565,1,0,0:0:0:0:
320,192,183565,1,0,0:0:0:0:
448,192,183640,1,0,0:0:0:0:
64,192,183715,1,0,0:0:0:0:
192,192,183715,1,0,0:0:0:0:
192,192,183865,1,0,0:0:0:0:
320,192,183865,1,0,0:0:0:0:
320,192,184015,1,0,0:0:0:0:
448,192,184015,1,0,0:0:0:0:
192,192,184165,1,0,0:0:0:0:
320,192,184165,1,0,0:0:0:0:
64,192,184315,1,0,0:0:0:0:
320,192,184315,1,0,0:0:0:0:
64,192,184615,1,0,0:0:0:0:
320,192,184615,1,0,0:0:0:0:
448,192,184615,1,0,0:0:0:0:
320,192,184690,1,0,0:0:0:0:
320,192,184765,1,0,0:0:0:0:
320,192,184840,1,0,0:0:0:0:
320,192,184915,1,0,0:0:0:0:
320,192,184990,1,0,0:0:0:0:
320,192,185065,1,0,0:0:0:0:
320,192,185140,1,0,0:0:0:0:
320,192,185215,1,0,0:0:0:0:
320,192,185290,1,0,0:0:0:0:
320,192,185365,1,0,0:0:0:0:
320,192,185440,1,0,0:0:0:0:
320,192,185515,1,0,0:0:0:0:
320,192,185590,1,0,0:0:0:0:
320,192,185665,1,0,0:0:0:0:
320,192,185740,1,0,0:0:0:0:
192,192,185815,1,0,0:0:0:0:
320,192,185815,1,0,0:0:0:0:
320,192,185890,1,0,0:0:0:0:
320,192,185965,1,0,0:0:0:0:
320,192,186040,1,0,0:0:0:0:
320,192,186115,1,0,0:0:0:0:
320,192,186190,1,0,0:0:0:0:
320,192,186265,1,0,0:0:0:0:
320,192,186340,1,0,0:0:0:0:
320,192,186415,1,0,0:0:0:0:
320,192,186490,1,0,0:0:0:0:
320,192,186565,1,0,0:0:0:0:
320,192,186640,1,0,0:0:0:0:
320,192,186715,1,0,0:0:0:0:
320,192,186790,1,0,0:0:0:0:
320,192,186865,1,0,0:0:0:0:
320,192,186940,1,0,0:0:0:0:
64,192,187015,1,0,0:0:0:0:
320,192,187015,1,0,0:0:0:0:
320,192,187090,1,0,0:0:0:0:
320,192,187165,1,0,0:0:0:0:
320,192,187240,1,0,0:0:0:0:
320,192,187315,1,0,0:0:0:0:
320,192,187390,1,0,0:0:0:0:
320,192,187465,1,0,0:0:0:0:
320,192,187540,1,0,0:0:0:0:
320,192,187615,1,0,0:0:0:0:
320,192,187690,1,0,0:0:0:0:
320,192,187765,1,0,0:0:0:0:
320,192,187840,1,0,0:0:0:0:
320,192,187915,1,0,0:0:0:0:
320,192,187990,1,0,0:0:0:0:
320,192,188065,1,0,0:0:0:0:
320,192,188140,1,0,0:0:0:0:
192,192,188215,1,0,0:0:0:0:
320,192,188215,1,0,0:0:0:0:
320,192,188290,1,0,0:0:0:0:
320,192,188365,1,0,0:0:0:0:
320,192,188440,1,0,0:0:0:0:
320,192,188515,1,0,0:0:0:0:
320,192,188590,1,0,0:0:0:0:
320,192,188665,1,0,0:0:0:0:
320,192,188740,1,0,0:0:0:0:
320,192,188815,1,0,0:0:0:0:
320,192,188890,1,0,0:0:0:0:
320,192,188965,1,0,0:0:0:0:
320,192,189040,1,0,0:0:0:0:
320,192,189115,1,0,0:0:0:0:
320,192,189190,1,0,0:0:0:0:
320,192,189265,1,0,0:0:0:0:
320,192,189340,1,0,0:0:0:0:
192,192,189415,1,0,0:0:0:0:
320,192,189415,1,0,0:0:0:0:
448,192,189415,1,0,0:0:0:0:
320,192,189490,1,0,0:0:0:0:
320,192,189565,1,0,0:0:0:0:
320,192,189640,1,0,0:0:0:0:
320,192,189715,1,0,0:0:0:0:
320,192,189790,1,0,0:0:0:0:
320,192,189865,1,0,0:0:0:0:
320,192,189940,1,0,0:0:0:0:
320,192,190015,1,0,0:0:0:0:
320,192,190090,1,0,0:0:0:0:
320,192,190165,1,0,0:0:0:0:
320,192,190240,1,0,0:0:0:0:
320,192,190315,1,0,0:0:0:0:
320,192,190390,1,0,0:0:0:0:
320,192,190465,1,0,0:0:0:0:
320,192,190540,1,0,0:0:0:0:
64,192,190615,1,0,0:0:0:0:
320,192,190615,1,0,0:0:0:0:
320,192,190690,1,0,0:0:0:0:
320,192,190765,1,0,0:0:0:0:
320,192,190840,1,0,0:0:0:0:
320,192,190915,1,0,0:0:0:0:
320,192,190990,1,0,0:0:0:0:
320,192,191065,1,0,0:0:0:0:
320,192,191140,1,0,0:0:0:0:
320,192,191215,1,0,0:0:0:0:
320,192,191290,1,0,0:0:0:0:
320,192,191365,1,0,0:0:0:0:
320,192,191440,1,0,0:0:0:0:
320,192,191515,1,0,0:0:0:0:
320,192,191590,1,0,0:0:0:0:
320,192,191665,1,0,0:0:0:0:
320,192,191740,1,0,0:0:0:0:
320,192,191815,1,0,0:0:0:0:
448,192,191815,1,0,0:0:0:0:
320,192,191890,1,0,0:0:0:0:
320,192,191965,1,0,0:0:0:0:
320,192,192040,1,0,0:0:0:0:
320,192,192115,1,0,0:0:0:0:
320,192,192190,1,0,0:0:0:0:
320,192,192265,1,0,0:0:0:0:
320,192,192340,1,0,0:0:0:0:
320,192,192415,1,0,0:0:0:0:
320,192,192490,1,0,0:0:0:0:
320,192,192565,1,0,0:0:0:0:
320,192,192640,1,0,0:0:0:0:
320,192,192715,1,0,0:0:0:0:
320,192,192790,1,0,0:0:0:0:
320,192,192865,1,0,0:0:0:0:
320,192,192940,1,0,0:0:0:0:
192,192,193015,1,0,0:0:0:0:
320,192,193015,1,0,0:0:0:0:
320,192,193090,1,0,0:0:0:0:
320,192,193165,1,0,0:0:0:0:
320,192,193240,1,0,0:0:0:0:
320,192,193315,1,0,0:0:0:0:
320,192,193390,1,0,0:0:0:0:
320,192,193465,1,0,0:0:0:0:
320,192,193540,1,0,0:0:0:0:
320,192,193615,1,0,0:0:0:0:
320,192,193690,1,0,0:0:0:0:
320,192,193765,1,0,0:0:0:0:
320,192,193840,1,0,0:0:0:0:
320,192,193915,1,0,0:0:0:0:
320,192,193990,1,0,0:0:0:0:
320,192,194065,1,0,0:0:0:0:
320,192,194140,1,0,0:0:0:0:
64,192,194215,1,0,0:0:0:0:
192,192,194215,1,0,0:0:0:0:
320,192,194215,1,0,0:0:0:0:
448,192,194215,1,0,0:0:0:0:
320,192,194290,1,0,0:0:0:0:
320,192,194365,1,0,0:0:0:0:
320,192,194440,1,0,0:0:0:0:
320,192,194515,1,0,0:0:0:0:
320,192,194590,1,0,0:0:0:0:
320,192,194665,1,0,0:0:0:0:
320,192,194740,1,0,0:0:0:0:
320,192,194815,1,0,0:0:0:0:
320,192,194890,1,0,0:0:0:0:
320,192,194965,1,0,0:0:0:0:
320,192,195040,1,0,0:0:0:0:
320,192,195115,1,0,0:0:0:0:
320,192,195190,1,0,0:0:0:0:
320,192,195265,1,0,0:0:0:0:
320,192,195340,1,0,0:0:0:0:
64,192,195415,1,0,0:0:0:0:
192,192,195415,1,0,0:0:0:0:
320,192,195415,1,0,0:0:0:0:
320,192,195490,1,0,0:0:0:0:
320,192,195565,1,0,0:0:0:0:
320,192,195640,1,0,0:0:0:0:
320,192,195715,1,0,0:0:0:0:
320,192,195790,1,0,0:0:0:0:
320,192,195865,1,0,0:0:0:0:
320,192,195940,1,0,0:0:0:0:
320,192,196015,1,0,0:0:0:0:
320,192,196090,1,0,0:0:0:0:
320,192,196165,1,0,0:0:0:0:
320,192,196240,1,0,0:0:0:0:
320,192,196315,1,0,0:0:0:0:
320,192,196390,1,0,0:0:0:0:
320,192,196465,1,0,0:0:0:0:
320,192,196540,1,0,0:0:0:0:
320,192,196615,1,0,0:0:0:0:
448,192,196615,1,0,0:0:0:0:
320,192,196690,1,0,0:0:0:0:
320,192,196765,1,0,0:0:0:0:
320,192,196840,1,0,0:0:0:0:
320,192,196915,1,0,0:0:0:0:
320,192,196990,1,0,0:0:0:0:
320,192,197065,1,0,0:0:0:0:
320,192,197140,1,0,0:0:0:0:
320,192,197215,1,0,0:0:0:0:
320,192,197290,1,0,0:0:0:0:
320,192,197365,1,0,0:0:0:0:
320,192,197440,1,0,0:0:0:0:
320,192,197515,1,0,0:0:0:0:
320,192,197590,1,0,0:0:0:0:
320,192,197665,1,0,0:0:0:0:
320,192,197740,1,0,0:0:0:0:
320,192,197815,1,0,0:0:0:0:
448,192,197815,1,0,0:0:0:0:
320,192,197890,1,0,0:0:0:0:
320,192,197965,1,0,0:0:0:0:
320,192,198040,1,0,0:0:0:0:
320,192,198115,1,0,0:0:0:0:
320,192,198190,1,0,0:0:0:0:
320,192,198265,1,0,0:0:0:0:
320,192,198340,1,0,0:0:0:0:
192,192,198415,1,0,0:0:0:0:
320,192,198415,1,0,0:0:0:0:
320,192,198490,1,0,0:0:0:0:
320,192,198565,1,0,0:0:0:0:
320,192,198640,1,0,0:0:0:0:
320,192,198715,1,0,0:0:0:0:
320,192,198790,1,0,0:0:0:0:
320,192,198865,1,0,0:0:0:0:
320,192,198940,1,0,0:0:0:0:
64,192,199015,1,0,0:0:0:0:
320,192,199015,1,0,0:0:0:0:
320,192,199090,1,0,0:0:0:0:
320,192,199165,1,0,0:0:0:0:
320,192,199240,1,0,0:0:0:0:
320,192,199315,1,0,0:0:0:0:
320,192,199390,1,0,0:0:0:0:
320,192,199465,1,0,0:0:0:0:
320,192,199540,1,0,0:0:0:0:
320,192,199615,1,0,0:0:0:0:
320,192,199690,1,0,0:0:0:0:
320,192,199765,1,0,0:0:0:0:
320,192,199840,1,0,0:0:0:0:
320,192,199915,1,0,0:0:0:0:
320,192,199990,1,0,0:0:0:0:
320,192,200065,1,0,0:0:0:0:
320,192,200140,1,0,0:0:0:0:
192,192,200215,1,0,0:0:0:0:
320,192,200215,1,0,0:0:0:0:
320,192,200290,1,0,0:0:0:0:
320,192,200365,1,0,0:0:0:0:
320,192,200440,1,0,0:0:0:0:
320,192,200515,1,0,0:0:0:0:
320,192,200590,1,0,0:0:0:0:
320,192,200665,1,0,0:0:0:0:
320,192,200740,1,0,0:0:0:0:
192,192,200815,1,0,0:0:0:0:
320,192,200815,1,0,0:0:0:0:
320,192,200890,1,0,0:0:0:0:
320,192,200965,1,0,0:0:0:0:
320,192,201040,1,0,0:0:0:0:
320,192,201115,1,0,0:0:0:0:
320,192,201190,1,0,0:0:0:0:
320,192,201265,1,0,0:0:0:0:
320,192,201340,1,0,0:0:0:0:
64,192,201415,1,0,0:0:0:0:
320,192,201415,1,0,0:0:0:0:
320,192,201490,1,0,0:0:0:0:
192,192,201565,1,0,0:0:0:0:
320,192,201565,1,0,0:0:0:0:
320,192,201640,1,0,0:0:0:0:
320,192,201715,1,0,0:0:0:0:
448,192,201715,1,0,0:0:0:0:
320,192,201790,1,0,0:0:0:0:
192,192,201865,1,0,0:0:0:0:
320,192,201865,1,0,0:0:0:0:
320,192,201940,1,0,0:0:0:0:
64,192,202015,1,0,0:0:0:0:
320,192,202015,1,0,0:0:0:0:
320,192,202090,1,0,0:0:0:0:
192,192,202165,1,0,0:0:0:0:
320,192,202165,1,0,0:0:0:0:
320,192,202240,1,0,0:0:0:0:
320,192,202315,1,0,0:0:0:0:
448,192,202315,1,0,0:0:0:0:
320,192,202390,1,0,0:0:0:0:
192,192,202465,1,0,0:0:0:0:
320,192,202465,1,0,0:0:0:0:
320,192,202540,1,0,0:0:0:0:
64,192,202615,1,0,0:0:0:0:
320,192,202615,1,0,0:0:0:0:
320,192,202690,1,0,0:0:0:0:
192,192,202765,1,0,0:0:0:0:
320,192,202765,1,0,0:0:0:0:
320,192,202840,1,0,0:0:0:0:
320,192,202915,1,0,0:0:0:0:
448,192,202915,1,0,0:0:0:0:
320,192,202990,1,0,0:0:0:0:
192,192,203065,1,0,0:0:0:0:
320,192,203065,1,0,0:0:0:0:
320,192,203140,1,0,0:0:0:0:
64,192,203215,1,0,0:0:0:0:
320,192,203215,1,0,0:0:0:0:
320,192,203290,1,0,0:0:0:0:
192,192,203365,1,0,0:0:0:0:
320,192,203365,1,0,0:0:0:0:
320,192,203440,1,0,0:0:0:0:
320,192,203515,1,0,0:0:0:0:
448,192,203515,1,0,0:0:0:0:
320,192,203590,1,0,0:0:0:0:
192,192,203665,1,0,0:0:0:0:
320,192,203665,1,0,0:0:0:0:
320,192,203740,1,0,0:0:0:0:
64,192,203815,1,0,0:0:0:0:
320,192,203815,1,0,0:0:0:0:
448,192,203815,1,0,0:0:0:0:
320,192,203890,1,0,0:0:0:0:
320,192,203965,1,0,0:0:0:0:
320,192,204040,1,0,0:0:0:0:
320,192,204115,1,0,0:0:0:0:
320,192,204190,1,0,0:0:0:0:
320,192,204265,1,0,0:0:0:0:
320,192,204340,1,0,0:0:0:0:
320,192,204415,1,0,0:0:0:0:
320,192,204490,1,0,0:0:0:0:
320,192,204565,1,0,0:0:0:0:
320,192,204640,1,0,0:0:0:0:
320,192,204715,1,0,0:0:0:0:
320,192,204790,1,0,0:0:0:0:
320,192,204865,1,0,0:0:0:0:
320,192,204940,1,0,0:0:0:0:
192,192,205015,1,0,0:0:0:0:
320,192,205015,1,0,0:0:0:0:
448,192,205015,1,0,0:0:0:0:
320,192,205090,1,0,0:0:0:0:
320,192,205165,1,0,0:0:0:0:
320,192,205240,1,0,0:0:0:0:
320,192,205315,1,0,0:0:0:0:
320,192,205390,1,0,0:0:0:0:
320,192,205465,1,0,0:0:0:0:
320,192,205540,1,0,0:0:0:0:
320,192,205615,1,0,0:0:0:0:
320,192,205690,1,0,0:0:0:0:
320,192,205765,1,0,0:0:0:0:
320,192,205840,1,0,0:0:0:0:
320,192,205915,1,0,0:0:0:0:
320,192,205990,1,0,0:0:0:0:
320,192,206065,1,0,0:0:0:0:
320,192,206140,1,0,0:0:0:0:
64,192,206215,1,0,0:0:0:0:
192,192,206215,1,0,0:0:0:0:
320,192,206215,1,0,0:0:0:0:
320,192,206290,1,0,0:0:0:0:
320,192,206365,1,0,0:0:0:0:
320,192,206440,1,0,0:0:0:0:
320,192,206515,1,0,0:0:0:0:
320,192,206590,1,0,0:0:0:0:
320,192,206665,1,0,0:0:0:0:
320,192,206740,1,0,0:0:0:0:
320,192,206815,1,0,0:0:0:0:
320,192,206890,1,0,0:0:0:0:
320,192,206965,1,0,0:0:0:0:
320,192,207040,1,0,0:0:0:0:
320,192,207115,1,0,0:0:0:0:
320,192,207190,1,0,0:0:0:0:
320,192,207265,1,0,0:0:0:0:
320,192,207340,1,0,0:0:0:0:
64,192,207415,1,0,0:0:0:0:
320,192,207415,1,0,0:0:0:0:
448,192,207415,1,0,0:0:0:0:
320,192,207490,1,0,0:0:0:0:
320,192,207565,1,0,0:0:0:0:
320,192,207640,1,0,0:0:0:0:
320,192,207715,1,0,0:0:0:0:
320,192,207790,1,0,0:0:0:0:
320,192,207865,1,0,0:0:0:0:
320,192,207940,1,0,0:0:0:0:
320,192,208015,1,0,0:0:0:0:
320,192,208090,1,0,0:0:0:0:
320,192,208165,1,0,0:0:0:0:
320,192,208240,1,0,0:0:0:0:
320,192,208315,1,0,0:0:0:0:
320,192,208390,1,0,0:0:0:0:
320,192,208465,1,0,0:0:0:0:
320,192,208540,1,0,0:0:0:0:
64,192,208615,1,0,0:0:0:0:
192,192,208615,1,0,0:0:0:0:
320,192,208615,1,0,0:0:0:0:
320,192,208690,1,0,0:0:0:0:
320,192,208765,1,0,0:0:0:0:
320,192,208840,1,0,0:0:0:0:
320,192,208915,1,0,0:0:0:0:
320,192,208990,1,0,0:0:0:0:
320,192,209065,1,0,0:0:0:0:
320,192,209140,1,0,0:0:0:0:
320,192,209215,1,0,0:0:0:0:
320,192,209290,1,0,0:0:0:0:
320,192,209365,1,0,0:0:0:0:
320,192,209440,1,0,0:0:0:0:
320,192,209515,1,0,0:0:0:0:
320,192,209590,1,0,0:0:0:0:
320,192,209665,1,0,0:0:0:0:
320,192,209740,1,0,0:0:0:0:
192,192,209815,1,0,0:0:0:0:
320,192,209815,1,0,0:0:0:0:
448,192,209815,1,0,0:0:0:0:
320,192,209890,1,0,0:0:0:0:
320,192,209965,1,0,0:0:0:0:
320,192,210040,1,0,0:0:0:0:
320,192,210115,1,0,0:0:0:0:
320,192,210190,1,0,0:0:0:0:
320,192,210265,1,0,0:0:0:0:
320,192,210340,1,0,0:0:0:0:
320,192,210415,1,0,0:0:0:0:
320,192,210490,1,0,0:0:0:0:
320,192,210565,1,0,0:0:0:0:
320,192,210640,1,0,0:0:0:0:
320,192,210715,1,0,0:0:0:0:
320,192,210790,1,0,0:0:0:0:
320,192,210865,1,0,0:0:0:0:
320,192,210940,1,0,0:0:0:0:
64,192,211015,1,0,0:0:0:0:
320,192,211015,1,0,0:0:0:0:
448,192,211015,1,0,0:0:0:0:
320,192,211090,1,0,0:0:0:0:
320,192,211165,1,0,0:0:0:0:
320,192,211240,1,0,0:0:0:0:
320,192,211315,1,0,0:0:0:0:
320,192,211390,1,0,0:0:0:0:
320,192,211465,1,0,0:0:0:0:
320,192,211540,1,0,0:0:0:0:
320,192,211615,1,0,0:0:0:0:
320,192,211690,1,0,0:0:0:0:
320,192,211765,1,0,0:0:0:0:
320,192,211840,1,0,0:0:0:0:
320,192,211915,1,0,0:0:0:0:
320,192,211990,1,0,0:0:0:0:
320,192,212065,1,0,0:0:0:0:
320,192,212140,1,0,0:0:0:0:
64,192,212215,1,0,0:0:0:0:
192,192,212215,1,0,0:0:0:0:
320,192,212215,1,0,0:0:0:0:
320,192,212290,1,0,0:0:0:0:
320,192,212365,1,0,0:0:0:0:
320,192,212440,1,0,0:0:0:0:
320,192,212515,1,0,0:0:0:0:
320,192,212590,1,0,0:0:0:0:
320,192,212665,1,0,0:0:0:0:
320,192,212740,1,0,0:0:0:0:
320,192,212815,1,0,0:0:0:0:
320,192,212890,1,0,0:0:0:0:
320,192,212965,1,0,0:0:0:0:
320,192,213040,1,0,0:0:0:0:
320,192,213115,1,0,0:0:0:0:
320,192,213190,1,0,0:0:0:0:
320,192,213265,1,0,0:0:0:0:
320,192,213340,1,0,0:0:0:0:
192,192,213415,1,0,0:0:0:0:
320,192,213415,1,0,0:0:0:0:
448,192,213415,1,0,0:0:0:0:
320,192,213490,1,0,0:0:0:0:
320,192,213565,1,0,0:0:0:0:
320,192,213640,1,0,0:0:0:0:
320,192,213715,1,0,0:0:0:0:
320,192,213790,1,0,0:0:0:0:
320,192,213865,1,0,0:0:0:0:
320,192,213940,1,0,0:0:0:0:
64,192,214015,1,0,0:0:0:0:
320,192,214015,1,0,0:0:0:0:
448,192,214015,1,0,0:0:0:0:
320,192,214090,1,0,0:0:0:0:
320,192,214165,1,0,0:0:0:0:
320,192,214240,1,0,0:0:0:0:
320,192,214315,1,0,0:0:0:0:
320,192,214390,1,0,0:0:0:0:
320,192,214465,1,0,0:0:0:0:
320,192,214540,1,0,0:0:0:0:
64,192,214615,1,0,0:0:0:0:
192,192,214615,1,0,0:0:0:0:
320,192,214615,1,0,0:0:0:0:
320,192,214690,1,0,0:0:0:0:
320,192,214765,1,0,0:0:0:0:
320,192,214840,1,0,0:0:0:0:
320,192,214915,1,0,0:0:0:0:
320,192,214990,1,0,0:0:0:0:
320,192,215065,1,0,0:0:0:0:
320,192,215140,1,0,0:0:0:0:
64,192,215215,1,0,0:0:0:0:
320,192,215215,1,0,0:0:0:0:
448,192,215215,1,0,0:0:0:0:
320,192,215290,1,0,0:0:0:0:
320,192,215365,1,0,0:0:0:0:
320,192,215440,1,0,0:0:0:0:
320,192,215515,1,0,0:0:0:0:
320,192,215590,1,0,0:0:0:0:
320,192,215665,1,0,0:0:0:0:
320,192,215740,1,0,0:0:0:0:
192,192,215815,1,0,0:0:0:0:
320,192,215815,1,0,0:0:0:0:
448,192,215815,1,0,0:0:0:0:
320,192,215890,1,0,0:0:0:0:
320,192,215965,1,0,0:0:0:0:
320,192,216040,1,0,0:0:0:0:
320,192,216115,1,0,0:0:0:0:
320,192,216190,1,0,0:0:0:0:
320,192,216265,1,0,0:0:0:0:
320,192,216340,1,0,0:0:0:0:
320,192,216415,1,0,0:0:0:0:
320,192,216490,1,0,0:0:0:0:
320,192,216565,1,0,0:0:0:0:
320,192,216640,1,0,0:0:0:0:
320,192,216715,1,0,0:0:0:0:
320,192,216790,1,0,0:0:0:0:
320,192,216865,1,0,0:0:0:0:
320,192,216940,1,0,0:0:0:0:
64,192,217015,1,0,0:0:0:0:
192,192,217015,1,0,0:0:0:0:
320,192,217015,1,0,0:0:0:0:
320,192,217090,1,0,0:0:0:0:
320,192,217165,1,0,0:0:0:0:
320,192,217240,1,0,0:0:0:0:
320,192,217315,1,0,0:0:0:0:
320,192,217390,1,0,0:0:0:0:
320,192,217465,1,0,0:0:0:0:
320,192,217540,1,0,0:0:0:0:
320,192,217615,1,0,0:0:0:0:
320,192,217690,1,0,0:0:0:0:
320,192,217765,1,0,0:0:0:0:
320,192,217840,1,0,0:0:0:0:
320,192,217915,1,0,0:0:0:0:
320,192,217990,1,0,0:0:0:0:
320,192,218065,1,0,0:0:0:0:
320,192,218140,1,0,0:0:0:0:
64,192,218215,1,0,0:0:0:0:
320,192,218215,1,0,0:0:0:0:
448,192,218215,1,0,0:0:0:0:
320,192,218290,1,0,0:0:0:0:
192,192,218365,1,0,0:0:0:0:
320,192,218365,1,0,0:0:0:0:
320,192,218440,1,0,0:0:0:0:
64,192,218515,1,0,0:0:0:0:
320,192,218515,1,0,0:0:0:0:
320,192,218590,1,0,0:0:0:0:
192,192,218665,1,0,0:0:0:0:
320,192,218665,1,0,0:0:0:0:
320,192,218740,1,0,0:0:0:0:
320,192,218815,1,0,0:0:0:0:
448,192,218815,1,0,0:0:0:0:
320,192,218890,1,0,0:0:0:0:
192,192,218965,1,0,0:0:0:0:
320,192,218965,1,0,0:0:0:0:
320,192,219040,1,0,0:0:0:0:
64,192,219115,1,0,0:0:0:0:
320,192,219115,1,0,0:0:0:0:
320,192,219190,1,0,0:0:0:0:
192,192,219265,1,0,0:0:0:0:
320,192,219265,1,0,0:0:0:0:
320,192,219340,1,0,0:0:0:0:
64,192,219415,1,0,0:0:0:0:
320,192,219415,1,0,0:0:0:0:
448,192,219415,1,0,0:0:0:0:
320,192,219490,1,0,0:0:0:0:
192,192,219565,1,0,0:0:0:0:
320,192,219565,1,0,0:0:0:0:
320,192,219640,1,0,0:0:0:0:
64,192,219715,1,0,0:0:0:0:
320,192,219715,1,0,0:0:0:0:
320,192,219790,1,0,0:0:0:0:
192,192,219865,1,0,0:0:0:0:
320,192,219865,1,0,0:0:0:0:
320,192,219940,1,0,0:0:0:0:
320,192,220015,1,0,0:0:0:0:
448,192,220015,1,0,0:0:0:0:
320,192,220090,1,0,0:0:0:0:
192,192,220165,1,0,0:0:0:0:
320,192,220165,1,0,0:0:0:0:
320,192,220240,1,0,0:0:0:0:
64,192,220315,1,0,0:0:0:0:
320,192,220315,1,0,0:0:0:0:
320,192,220390,1,0,0:0:0:0:
192,192,220465,1,0,0:0:0:0:
320,192,220465,1,0,0:0:0:0:
320,192,220540,1,0,0:0:0:0:
64,192,220615,1,0,0:0:0:0:
320,192,220615,1,0,0:0:0:0:
448,192,220615,1,0,0:0:0:0:
320,192,220690,1,0,0:0:0:0:
192,192,220765,1,0,0:0:0:0:
320,192,220765,1,0,0:0:0:0:
320,192,220840,1,0,0:0:0:0:
64,192,220915,1,0,0:0:0:0:
320,192,220915,1,0,0:0:0:0:
320,192,220990,1,0,0:0:0:0:
192,192,221065,1,0,0:0:0:0:
320,192,221065,1,0,0:0:0:0:
320,192,221140,1,0,0:0:0:0:
320,192,221215,1,0,0:0:0:0:
448,192,221215,1,0,0:0:0:0:
320,192,221290,1,0,0:0:0:0:
192,192,221365,1,0,0:0:0:0:
320,192,221365,1,0,0:0:0:0:
320,192,221440,1,0,0:0:0:0:
64,192,221515,1,0,0:0:0:0:
320,192,221515,1,0,0:0:0:0:
320,192,221590,1,0,0:0:0:0:
192,192,221665,1,0,0:0:0:0:
320,192,221665,1,0,0:0:0:0:
320,192,221740,1,0,0:0:0:0:
64,192,221815,1,0,0:0:0:0:
320,192,221815,1,0,0:0:0:0:
448,192,221815,1,0,0:0:0:0:
320,192,221890,1,0,0:0:0:0:
192,192,221965,1,0,0:0:0:0:
320,192,221965,1,0,0:0:0:0:
320,192,222040,1,0,0:0:0:0:
64,192,222115,1,0,0:0:0:0:
320,192,222115,1,0,0:0:0:0:
320,192,222190,1,0,0:0:0:0:
192,192,222265,1,0,0:0:0:0:
320,192,222265,1,0,0:0:0:0:
320,192,222340,1,0,0:0:0:0:
320,192,222415,1,0,0:0:0:0:
448,192,222415,1,0,0:0:0:0:
320,192,222490,1,0,0:0:0:0:
192,192,222565,1,0,0:0:0:0:
320,192,222565,1,0,0:0:0:0:
320,192,222640,1,0,0:0:0:0:
64,192,222715,1,0,0:0:0:0:
320,192,222715,1,0,0:0:0:0:
320,192,222790,1,0,0:0:0:0:
192,192,222865,1,0,0:0:0:0:
320,192,222865,1,0,0:0:0:0:
320,192,222940,1,0,0:0:0:0:
64,192,223015,1,0,0:0:0:0:
192,192,223015,1,0,0:0:0:0:
320,192,223015,1,0,0:0:0:0:
448,192,223015,1,0,0:0:0:0:
320,192,223090,1,0,0:0:0:0:
320,192,223165,1,0,0:0:0:0:
320,192,223240,1,0,0:0:0:0:
320,192,223315,1,0,0:0:0:0:
320,192,223390,1,0,0:0:0:0:
320,192,223465,1,0,0:0:0:0:
320,192,223540,1,0,0:0:0:0:
192,192,223615,1,0,0:0:0:0:
320,192,223615,1,0,0:0:0:0:
448,192,223615,1,0,0:0:0:0:
320,192,223690,1,0,0:0:0:0:
320,192,223765,1,0,0:0:0:0:
320,192,223840,1,0,0:0:0:0:
320,192,223915,1,0,0:0:0:0:
320,192,223990,1,0,0:0:0:0:
320,192,224065,1,0,0:0:0:0:
320,192,224140,1,0,0:0:0:0:
320,192,224215,1,0,0:0:0:0:
320,192,224290,1,0,0:0:0:0:
320,192,224365,1,0,0:0:0:0:
320,192,224440,1,0,0:0:0:0:
320,192,224515,1,0,0:0:0:0:
320,192,224590,1,0,0:0:0:0:
320,192,224665,1,0,0:0:0:0:
320,192,224740,1,0,0:0:0:0:
320,192,224815,1,0,0:0:0:0:
448,192,224815,1,0,0:0:0:0:
320,192,224890,1,0,0:0:0:0:
320,192,224965,1,0,0:0:0:0:
192,192,225015,1,0,0:0:0:0:
320,192,225040,1,0,0:0:0:0:
320,192,225115,1,0,0:0:0:0:
320,192,225190,1,0,0:0:0:0:
64,192,225215,1,0,0:0:0:0:
320,192,225265,1,0,0:0:0:0:
320,192,225340,1,0,0:0:0:0:
64,192,225415,1,0,0:0:0:0:
320,192,225415,1,0,0:0:0:0:
448,192,225415,1,0,0:0:0:0:
320,192,225490,1,0,0:0:0:0:
320,192,225565,1,0,0:0:0:0:
320,192,225640,1,0,0:0:0:0:
320,192,225715,1,0,0:0:0:0:
320,192,225790,1,0,0:0:0:0:
320,192,225865,1,0,0:0:0:0:
320,192,225940,1,0,0:0:0:0:
64,192,226015,1,0,0:0:0:0:
192,192,226015,1,0,0:0:0:0:
320,192,226015,1,0,0:0:0:0:
320,192,226090,1,0,0:0:0:0:
320,192,226165,1,0,0:0:0:0:
320,192,226240,1,0,0:0:0:0:
320,192,226315,1,0,0:0:0:0:
320,192,226390,1,0,0:0:0:0:
320,192,226465,1,0,0:0:0:0:
320,192,226540,1,0,0:0:0:0:
320,192,226615,1,0,0:0:0:0:
320,192,226690,1,0,0:0:0:0:
320,192,226765,1,0,0:0:0:0:
320,192,226840,1,0,0:0:0:0:
320,192,226915,1,0,0:0:0:0:
320,192,226990,1,0,0:0:0:0:
320,192,227065,1,0,0:0:0:0:
320,192,227140,1,0,0:0:0:0:
192,192,227215,1,0,0:0:0:0:
320,192,227215,1,0,0:0:0:0:
320,192,227290,1,0,0:0:0:0:
320,192,227365,1,0,0:0:0:0:
320,192,227440,1,0,0:0:0:0:
320,192,227515,1,0,0:0:0:0:
320,192,227590,1,0,0:0:0:0:
320,192,227665,1,0,0:0:0:0:
320,192,227740,1,0,0:0:0:0:
64,192,227815,1,0,0:0:0:0:
320,192,227815,1,0,0:0:0:0:
448,192,227815,1,0,0:0:0:0:
320,192,227890,1,0,0:0:0:0:
320,192,227965,1,0,0:0:0:0:
320,192,228040,1,0,0:0:0:0:
320,192,228115,1,0,0:0:0:0:
320,192,228190,1,0,0:0:0:0:
320,192,228265,1,0,0:0:0:0:
320,192,228340,1,0,0:0:0:0:
192,192,228415,1,0,0:0:0:0:
320,192,228415,1,0,0:0:0:0:
320,192,228490,1,0,0:0:0:0:
320,192,228565,1,0,0:0:0:0:
320,192,228640,1,0,0:0:0:0:
320,192,228715,1,0,0:0:0:0:
320,192,228790,1,0,0:0:0:0:
320,192,228865,1,0,0:0:0:0:
320,192,228940,1,0,0:0:0:0:
320,192,229015,1,0,0:0:0:0:
320,192,229090,1,0,0:0:0:0:
320,192,229165,1,0,0:0:0:0:
320,192,229240,1,0,0:0:0:0:
320,192,229315,1,0,0:0:0:0:
320,192,229390,1,0,0:0:0:0:
320,192,229465,1,0,0:0:0:0:
320,192,229540,1,0,0:0:0:0:
320,192,229615,1,0,0:0:0:0:
448,192,229615,1,0,0:0:0:0:
320,192,229690,1,0,0:0:0:0:
320,192,229765,1,0,0:0:0:0:
192,192,229815,1,0,0:0:0:0:
320,192,229840,1,0,0:0:0:0:
320,192,229915,1,0,0:0:0:0:
320,192,229990,1,0,0:0:0:0:
64,192,230015,1,0,0:0:0:0:
320,192,230065,1,0,0:0:0:0:
320,192,230140,1,0,0:0:0:0:
192,192,230215,1,0,0:0:0:0:
320,192,230215,1,0,0:0:0:0:
448,192,230215,1,0,0:0:0:0:
320,192,230290,1,0,0:0:0:0:
320,192,230365,1,0,0:0:0:0:
320,192,230440,1,0,0:0:0:0:
320,192,230515,1,0,0:0:0:0:
320,192,230590,1,0,0:0:0:0:
320,192,230665,1,0,0:0:0:0:
320,192,230740,1,0,0:0:0:0:
64,192,230815,1,0,0:0:0:0:
192,192,230815,1,0,0:0:0:0:
320,192,230815,1,0,0:0:0:0:
320,192,230890,1,0,0:0:0:0:
320,192,230965,1,0,0:0:0:0:
320,192,231040,1,0,0:0:0:0:
320,192,231115,1,0,0:0:0:0:
320,192,231190,1,0,0:0:0:0:
320,192,231265,1,0,0:0:0:0:
320,192,231340,1,0,0:0:0:0:
320,192,231415,1,0,0:0:0:0:
320,192,231490,1,0,0:0:0:0:
320,192,231565,1,0,0:0:0:0:
320,192,231640,1,0,0:0:0:0:
320,192,231715,1,0,0:0:0:0:
320,192,231790,1,0,0:0:0:0:
320,192,231865,1,0,0:0:0:0:
320,192,231940,1,0,0:0:0:0:
320,192,232015,1,0,0:0:0:0:
320,192,232090,1,0,0:0:0:0:
320,192,232165,1,0,0:0:0:0:
320,192,232240,1,0,0:0:0:0:
192,192,232315,1,0,0:0:0:0:
320,192,232315,1,0,0:0:0:0:
320,192,232390,1,0,0:0:0:0:
320,192,232465,1,0,0:0:0:0:
320,192,232540,1,0,0:0:0:0:
64,192,232615,1,0,0:0:0:0:
320,192,232615,1,0,0:0:0:0:
448,192,232615,1,0,0:0:0:0:
320,192,232690,1,0,0:0:0:0:
320,192,232765,1,0,0:0:0:0:
320,192,232840,1,0,0:0:0:0:
320,192,232915,1,0,0:0:0:0:
320,192,232990,1,0,0:0:0:0:
320,192,233065,1,0,0:0:0:0:
320,192,233140,1,0,0:0:0:0:
192,192,233215,1,0,0:0:0:0:
320,192,233215,1,0,0:0:0:0:
320,192,233290,1,0,0:0:0:0:
320,192,233365,1,0,0:0:0:0:
320,192,233440,1,0,0:0:0:0:
320,192,233515,1,0,0:0:0:0:
320,192,233590,1,0,0:0:0:0:
320,192,233665,1,0,0:0:0:0:
320,192,233740,1,0,0:0:0:0:
320,192,233815,1,0,0:0:0:0:
320,192,233890,1,0,0:0:0:0:
320,192,233965,1,0,0:0:0:0:
320,192,234040,1,0,0:0:0:0:
320,192,234115,1,0,0:0:0:0:
320,192,234190,1,0,0:0:0:0:
320,192,234265,1,0,0:0:0:0:
320,192,234340,1,0,0:0:0:0:
320,192,234415,1,0,0:0:0:0:
448,192,234415,1,0,0:0:0:0:
320,192,234490,1,0,0:0:0:0:
320,192,234565,1,0,0:0:0:0:
192,192,234615,1,0,0:0:0:0:
320,192,234640,1,0,0:0:0:0:
320,192,234715,1,0,0:0:0:0:
320,192,234790,1,0,0:0:0:0:
64,192,234815,1,0,0:0:0:0:
320,192,234865,1,0,0:0:0:0:
320,192,234940,1,0,0:0:0:0:
192,192,235015,1,0,0:0:0:0:
320,192,235015,1,0,0:0:0:0:
448,192,235015,1,0,0:0:0:0:
320,192,235090,1,0,0:0:0:0:
320,192,235165,1,0,0:0:0:0:
320,192,235240,1,0,0:0:0:0:
320,192,235315,1,0,0:0:0:0:
320,192,235390,1,0,0:0:0:0:
320,192,235465,1,0,0:0:0:0:
320,192,235540,1,0,0:0:0:0:
64,192,235615,1,0,0:0:0:0:
320,192,235615,1,0,0:0:0:0:
320,192,235690,1,0,0:0:0:0:
320,192,235765,1,0,0:0:0:0:
320,192,235840,1,0,0:0:0:0:
320,192,235915,1,0,0:0:0:0:
320,192,235990,1,0,0:0:0:0:
320,192,236065,1,0,0:0:0:0:
320,192,236140,1,0,0:0:0:0:
320,192,236215,1,0,0:0:0:0:
320,192,236290,1,0,0:0:0:0:
320,192,236365,1,0,0:0:0:0:
320,192,236440,1,0,0:0:0:0:
320,192,236515,1,0,0:0:0:0:
320,192,236590,1,0,0:0:0:0:
320,192,236665,1,0,0:0:0:0:
320,192,236740,1,0,0:0:0:0:
192,192,236815,1,0,0:0:0:0:
320,192,236815,1,0,0:0:0:0:
320,192,236890,1,0,0:0:0:0:
320,192,236965,1,0,0:0:0:0:
320,192,237040,1,0,0:0:0:0:
320,192,237115,1,0,0:0:0:0:
320,192,237190,1,0,0:0:0:0:
320,192,237265,1,0,0:0:0:0:
320,192,237340,1,0,0:0:0:0:
64,192,237415,1,0,0:0:0:0:
320,192,237415,1,0,0:0:0:0:
448,192,237415,1,0,0:0:0:0:
320,192,237490,1,0,0:0:0:0:
192,192,237565,1,0,0:0:0:0:
320,192,237565,1,0,0:0:0:0:
320,192,237640,1,0,0:0:0:0:
64,192,237715,1,0,0:0:0:0:
320,192,237715,1,0,0:0:0:0:
320,192,237790,1,0,0:0:0:0:
192,192,237865,1,0,0:0:0:0:
320,192,237865,1,0,0:0:0:0:
320,192,237940,1,0,0:0:0:0:
320,192,238015,1,0,0:0:0:0:
448,192,238015,1,0,0:0:0:0:
320,192,238090,1,0,0:0:0:0:
192,192,238165,1,0,0:0:0:0:
320,192,238165,1,0,0:0:0:0:
320,192,238240,1,0,0:0:0:0:
64,192,238315,1,0,0:0:0:0:
320,192,238315,1,0,0:0:0:0:
320,192,238390,1,0,0:0:0:0:
192,192,238465,1,0,0:0:0:0:
320,192,238465,1,0,0:0:0:0:
320,192,238540,1,0,0:0:0:0:
64,192,238615,1,0,0:0:0:0:
320,192,238615,1,0,0:0:0:0:
448,192,238615,1,0,0:0:0:0:
320,192,238690,1,0,0:0:0:0:
192,192,238765,1,0,0:0:0:0:
320,192,238765,1,0,0:0:0:0:
320,192,238840,1,0,0:0:0:0:
64,192,238915,1,0,0:0:0:0:
320,192,238915,1,0,0:0:0:0:
320,192,238990,1,0,0:0:0:0:
192,192,239065,1,0,0:0:0:0:
320,192,239065,1,0,0:0:0:0:
320,192,239140,1,0,0:0:0:0:
320,192,239215,1,0,0:0:0:0:
448,192,239215,1,0,0:0:0:0:
320,192,239290,1,0,0:0:0:0:
192,192,239365,1,0,0:0:0:0:
320,192,239365,1,0,0:0:0:0:
320,192,239440,1,0,0:0:0:0:
64,192,239515,1,0,0:0:0:0:
320,192,239515,1,0,0:0:0:0:
320,192,239590,1,0,0:0:0:0:
192,192,239665,1,0,0:0:0:0:
320,192,239665,1,0,0:0:0:0:
320,192,239740,1,0,0:0:0:0:
64,192,239815,1,0,0:0:0:0:
320,192,239815,1,0,0:0:0:0:
448,192,239815,1,0,0:0:0:0:
320,192,239890,1,0,0:0:0:0:
192,192,239965,1,0,0:0:0:0:
320,192,239965,1,0,0:0:0:0:
320,192,240040,1,0,0:0:0:0:
64,192,240115,1,0,0:0:0:0:
320,192,240115,1,0,0:0:0:0:
320,192,240190,1,0,0:0:0:0:
192,192,240265,1,0,0:0:0:0:
320,192,240265,1,0,0:0:0:0:
320,192,240340,1,0,0:0:0:0:
320,192,240415,1,0,0:0:0:0:
448,192,240415,1,0,0:0:0:0:
320,192,240490,1,0,0:0:0:0:
192,192,240565,1,0,0:0:0:0:
320,192,240565,1,0,0:0:0:0:
320,192,240640,1,0,0:0:0:0:
64,192,240715,1,0,0:0:0:0:
320,192,240715,1,0,0:0:0:0:
320,192,240790,1,0,0:0:0:0:
192,192,240865,1,0,0:0:0:0:
320,192,240865,1,0,0:0:0:0:
320,192,240940,1,0,0:0:0:0:
64,192,241015,1,0,0:0:0:0:
320,192,241015,1,0,0:0:0:0:
448,192,241015,1,0,0:0:0:0:
320,192,241090,1,0,0:0:0:0:
320,192,241165,1,0,0:0:0:0:
448,192,241165,1,0,0:0:0:0:
192,192,241240,1,0,0:0:0:0:
320,192,241240,1,0,0:0:0:0:
64,192,241315,1,0,0:0:0:0:
320,192,241315,1,0,0:0:0:0:
320,192,241390,1,0,0:0:0:0:
320,192,241465,1,0,0:0:0:0:
448,192,241465,1,0,0:0:0:0:
192,192,241540,1,0,0:0:0:0:
320,192,241540,1,0,0:0:0:0:
64,192,241615,1,0,0:0:0:0:
320,192,241615,1,0,0:0:0:0:
192,192,241690,1,0,0:0:0:0:
320,192,241690,1,0,0:0:0:0:
320,192,241765,1,0,0:0:0:0:
448,192,241765,1,0,0:0:0:0:
192,192,241840,1,0,0:0:0:0:
320,192,241840,1,0,0:0:0:0:
64,192,241915,1,0,0:0:0:0:
320,192,241915,1,0,0:0:0:0:
192,192,241990,1,0,0:0:0:0:
320,192,241990,1,0,0:0:0:0:
320,192,242065,1,0,0:0:0:0:
448,192,242065,1,0,0:0:0:0:
192,192,242140,1,0,0:0:0:0:
320,192,242140,1,0,0:0:0:0:
64,0,242215,128,0,243340:1:0:0:0:
192,0,242215,128,0,243340:1:0:0:0:
320,0,242215,128,0,243340:1:0:0:0:
448,0,242215,128,0,243340:1:0:0:0:
64,0,243415,128,0,243940:1:0:0:0:
192,0,243415,128,0,243940:1:0:0:0:
320,0,243415,128,0,243940:1:0:0:0:
448,0,243415,128,0,243940:1:0:0:0:
64,0,244015,128,0,244540:1:0:0:0:
192,0,244015,128,0,244540:1:0:0:0:
320,0,244015,128,0,244540:1:0:0:0:
448,0,244015,128,0,244540:1:0:0:0:
64,0,244615,128,0,245740:1:0:0:0:
192,0,244615,128,0,245740:1:0:0:0:
320,0,244615,128,0,245740:1:0:0:0:
448,0,244615,128,0,245740:1:0:0:0:
64,0,245815,128,0,246040:1:0:0:0:
192,0,245815,128,0,246040:1:0:0:0:
320,0,245815,128,0,246040:1:0:0:0:
448,0,245815,128,0,246040:1:0:0:0:
64,0,246115,128,0,246340:1:0:0:0:
192,0,246115,128,0,246340:1:0:0:0:
320,0,246115,128,0,246340:1:0:0:0:
448,0,246115,128,0,246340:1:0:0:0:
64,0,246415,128,0,246565:1:0:0:0:
192,0,246415,128,0,246565:1:0:0:0:
320,0,246415,128,0,246565:1:0:0:0:
448,0,246415,128,0,246565:1:0:0:0:
64,0,246615,128,0,246765:1:0:0:0:
192,0,246615,128,0,246765:1:0:0:0:
320,0,246615,128,0,246765:1:0:0:0:
448,0,246615,128,0,246765:1:0:0:0:
64,0,246815,128,0,246965:1:0:0:0:
192,0,246815,128,0,246965:1:0:0:0:
320,0,246815,128,0,246965:1:0:0:0:
448,0,246815,128,0,246965:1:0:0:0:
64,0,247015,128,0,247540:1:0:0:0:
192,0,247015,128,0,247540:1:0:0:0:
320,0,247015,128,0,247540:1:0:0:0:
448,0,247015,128,0,247540:1:0:0:0:
64,0,247615,128,0,253015:1:0:0:0:
192,0,247615,128,0,253015:1:0:0:0:
320,0,247615,128,0,253015:1:0:0:0:
448,0,247615,128,0,253015:1:0:0:0:
